5927
9912313
3661
3661
64663
17184
8648
26934
9931141
9931141
9931141
2307
16129995
168613
5514
5516
5523
5526
5530
6708818
6708818
6708818
5588
2320
5647
5651
5672
5231054
827
5351494
4087
2356
581
5702036
517289
1995
2308
2308
297812
521440
260127
1250
143
3593
10376
541103
517319
517294
4769
4789
1065
11069
11068
16757702
9889433
1094
5422
220774
5662
274
4112
2181
12550
248507
2518
2518
2518
2518
53399044
348159
439739
608640
44134676
99049
755
26792
500165
16118
932
932
4692
6834
220520
1224
2522
11276
2537
4872
319260
2548
2548
2548
2561
2563
2563
60961
60961
60961
457814
2614
33255
6398970
6398970
6398970
6398970
2675
6708469
2630
5229712
2635
2645
2649
2659
6710679
6710679
2678
2678
2678
5645
146033
146033
10736
2714
2725
2725
2725
2735
304
303
2073
1203
22228
5702026
2794
2794
2800
2800
2804
408
2900
401
401
2914
596
596
5702031
5702031
16886
16886
6710667
2987
5702034
5702034
6602441
4678
4678
853
13376961
3021
3043
3049
5702042
3069
5353588
3154
3158
2116
5702048
3691183
3230
3269
838
3249
247705
247705
247705
443953
443953
12788536
21871605
5351506
450
6710658
24707
3304
6713986
6708815
3325
3325
3350
5702055
5702055
5702174
5702174
6710651
6710651
493972
3386
3403
3405
3417
3461
3461
3476
736
739
611
5702233
5702233
5701999
3606
3606
3606
5702007
5702069
5702069
6710628
6710628
5702072
5702072
3672
3672
3672
3672
3687
3706
804
5702074
3779
23818603
815
3871
522113
3877
6452399
3912
3914
85
836
3916
3918
3929
32324
3945
3817
1972
6249
453
4042
5702081
5702081
6710729
6710729
4049
4049
4054
4054
4084
4090
4432690
4432690
279063
279063
38853
38853
111128
4374
2193
4196
6710690
6710690
4205
4205
4213
4474936
4243
4248
47499
4259
23568
5702239
5702239
1302
5496
942
4513
951
5702093
5702094
4542
4544
4568
2215
4583
4583
4583
4583
965
439519
12420
12420
6602444
249098
4623
144
346
4675
4675
6710686
465466
232
20317
4727
4727
4727
12764356
5904
6869
4742
4756
994
4786
2240
2240
4811
518601
91468
53394893
54676860
2242
76
4889
4895
1027
2249
2249
2249
2249
2249
3653
4932
4946
6850813
6850813
5032
4984
47319
1257
5362129
5362129
5362129
5362129
5064
5064
1072
4460696
31729
4460698
1805
1805
5106
5293655
5145
5156
5184
64665
5195
15103
5199
5203
5213
54454
54454
54454
5224
86821
5246
2274
5257
65281
5266
6710654
5155
18529465
5300
9354
5316
5352
5354
5354
5355
5355
5355
5355
5376
5376
5376
5247
5386
5386
5386
5404
5406
68628
68628
68628
68628
1148
1148
1546
5735
5735
4979942
3125
5813
45052337
180559
175540
104766
11957451
1617430
2154
2766
9444
9444
9444
9444
2733517
6604769
43261
3122
3408
126941
126941
126941
11957458
6713976
11957447
1232
11957461
72440
11957468
6852386
2303
2303
91495
91495
119565
21157
21157
21157
21157
6710614
6710614
23695848
11957481
10237
449215
449215
1884
1884
9064
9064
34359
34359
23818609
8231
8231
9880
9880
6234
6234
6234
2756
2756
114921
23675322
6252
2545
77995
11957498
5126051
170617
11957532
11957508
11957541
444034
444034
62920
11957506
443586
14675
14675
68368
11957530
11957530
377339
6047
11957538
11056106
11957527
6918215
3068143
5359318
6852374
5924
5983
62857
62857
62857
62857
9884593
9798284
6603849
11957558
3084731
6518171
5034
5034
11957567
11957570
11957554
23694214
6917794
656743
11957566
39912
11957590
11957562
42890
42890
26792
5807
5807
656783
6852409
10255
10255
456201
456201
11957575
54679302
11957615
11957584
54686938
54686938
5280445
27944
199604
180080
180080
180080
53580
11957638
23681059
38853
38853
38853
38853
11538542
4053
64715
64715
114723
114723
11957602
5281672
135242
4138
441350
181458
181458
181458
181458
11957649
11957658
11957626
11957643
23681235
11957645
71398
11957635
11957636
442329
403108
927704
4828
4828
4828
4828
62882
62882
62882
202477
11957669
688095
4826
4826
4826
11957668
27350
27350
11957668
6610290
12084804
36708
36708
36708
5909
657349
1256
165193
184822
5768
13119
440707
5770
47909
47909
197067
197067
5103
5103
5092
5092
5092
5092
5092
37542
37542
37542
37542
11957462
11957688
11957694
39859
688272
688272
688272
11957696
2083
2083
2083
2083
11957698
3135
3135
5309
9818540
2766
2390
2390
2390
2390
6710706
471
90789360
90789360
441276
441276
441276
23672
23672
23672
23672
11957596
10236521
11957726
6918162
9931141
5637
11957723
11957719
6420023
11957714
6604176
6169
6169
5735
702558
169371
2771
2771
2771
198107
5034
42368
3779
4932
4932
441074
124080920
643497
439533
439533
5311501
92222
6234
6234
6234
275196
97182157
439246
19649
21704
21704
446598
23681059
158758
54116
54116
2889
13073350
10114
2548
2548
2548
14957
2518
67438622
478951
478951
478951
5388962
5834
10607
10607
10607
6279
20279
20279
441289
6436
5790
30323
30323
5852
164646
443939
5360515
5480230
26758
26758
36314
36314
688561
47576
8969
8969
5637
16759511
115107
104794
9555764
667484
667484
667484
6604880
456214
2733335
6917929
72172
72172
72172
4205
4205
43815
460612
460612
460612
12940990
14956
5959
5959
53316140
30231
24906275
65399
6303
6253
6253
71398
443879
73265322
192197
40692
3085092
5944
5944
5944
5944
442514
439550
6708647
6708647
7173555
6175
222284
222284
6746
5816
5388973
3203
439260
443382
5735
99474
444254
444254
134070
16219401
16219401
72435
72435
9782
9782
26879
441141
16219720
60606
60606
64971
64971
108068
108068
11273
15719369
60953
17513
451668
3034034
92722
56069
451415
451415
2375
2375
60750
44714838
92209318
12936085
149096
149096
149096
11432118
31401
31401
36462
3011155
148124
148124
439693
42066898
443663
23667631
16052039
56965900
24906273
176872
176872
11493841
66509117
24946175
6918296
6918223
46943432
441240
65348
5283820
72111
16533
52934127
2723719
6713919
159269
444006
98160920
66065
443155
10494
5321010
49867941
13943299
49830590
21725806
6013
6713950
5362376
5309
122380930
3003931
31411
439246
439246
6708650
6708650
248507
248507
267769
2958
419781
221023
2019
2019
31549
10607
10607
5702090
5646
5646
5376
287291
287291
365287
2889
3363
3363
1546
71384
40926
284997
54610154
5311497
248862
354624
3368
400633
3086686
32875
241903
5978
205586
171283
3449
4140
5668
344265
106831
231410
220520
927704
149790
332624
336327
356986
327378
3065
3888
3197
4815
656495
262500
245005
25102665
288216
65575
1134
3003931
248010
248425
191
30623
10569
290486
290486
343585
235262
5062
2371
5066
259846
222154
308141
1392
320287
2854
547450
3000319
5280805
16960
33036
41867
40839
5388993
1549000
72111
64715
24849132
2232
64139
146570
57118766
2645
439492
439492
11970251
5512
4623
84029
84029
712318
5280804
31703
134070
5281643
5672
47319
11693521
54362
60857
60857
442021
6925666
2794
36462
36462
227112
7060971
6013
5910
451875
451875
3000322
26757
659840
6917698
3158
9651
43815
4811
442291
442291
9953592
3918
132862
5360696
4419
23581816
51371105
36339
36339
3279
4583
4583
298
14675
28417
5834
16623
6436
62920
5923
31401
5464092
5464092
5388998
657256
657256
5408
4731
3003
26758
26758
969472
3085219
6279
838
441074
65329
5743
60974
60974
4138
4691
4214199
517573
3256
2133
3664549
3384
441291
861
174174
30322
3746
3085107
11273032
25263117
11957417
25263274
11959682
11959683
53239967
5034
16219401
53239967
51354901
51357696
60150509
45105107
45105110
6338045
28417
6714003
62882
62882
8424
23668834
92222445
656783
6714009
16219735
5360733
441362
62920
126941
126941
6419884
6419884
12560
12560
72492
36314
6047
27944
27944
2083
4201
4201
47909
131204
131204
6420045
25195407
4826
4826
27200
2756
15376
6419929
16219921
10133
5462344
5462344
6419957
6433169
102175
71401
71401
71401
12492
5462351
4112
114723
440473
456201
456201
60974
14985
14956
5879
253602
253602
253602
89690182
5311047
443939
441302
23817960
657349
657349
1302
657379
54362
5281672
5281672
5281672
6364534
91495
62770
24721356
68827
68827
47320
24871028
175540
175540
927704
444034
275196
6150
6713948
3068143
65576
198500
197834
121587
121587
10154
23760133
101744
90454
644020
6420031
637570
441082
9549171
51371410
442985
673465
641266
23986045
77995
6420080
9878
29327
29327
23675322
23675322
12299879
23672568
51371415
102198
6713977
23675324
6419883
24871278
12856838
6426773
6338099
9798098
441415
62878
62878
5920
6420066
6419931
6419931
54454
23760137
5280445
5280445
5770
5770
64945
25102703
39912
2724018
6714010
180559
17751039
9828429
72326
91997702
65399
123832062
24906273
56965900
25254071
51346455
6710724
6708562
6708586
6708514
6708669
6708661
16667676
6708615
6708723
6710642
485707
6708614
5321342
10603
623060
196990
6708538
9064
72276
827
6710749
6710749
6710661
6710656
6708576
94315
5701996
16667748
6728944
5701998
6708665
167266
2754097
72724
2116
4035263
6708817
2283
6710678
101799800
2817959
5702030
114682
5702035
5702039
14675
5702047
16667682
5702049
14051
5702058
5807
5702077
5702078
5702080
4112
5702083
441242
5702089
156391
439260
16667685
6708468
23682216
23664709
23676814
62943
5992
5702105
5702107
165193
9581
94328
5702111
5770
5702119
5454
5702126
3037037
5702130
21704
9962911
5970
637570
6708463
16667686
442912
5702139
5702141
2154
6546945
5702145
6708701
6708702
6708706
6710622
9649
5702181
6708595
101744
5702153
6708753
3862
6101956
5281417
6708815
5702158
442247
5702168
5039
23682214
23675643
23666110
5099
5702197
5702200
5702206
4534
177980
6708678
73403
34751
8742
177980
9838675
5702211
441362
5702212
656601
23682225
5702244
23682228
197067
115366
5702266
2804
5702279
6708699
73416
16667698
6708612
6708517
6708778
6708789
16667699
101612
16725073
16667701
16667703
45006101
2733529
54116
16667717
16211025
16667722
41774
45006075
969472
146571
16667726
6917671
23958736
62882
47316
442872
6728941
21585236
9914880
45006118
12598150
10917
9847023
45006125
6916127
657250
441393
9832825
5092
9918350
23682220
123601
4369359
3001199
6047
214464
3816
212231
10237
1221
6604704
6604707
158397
6603720
183351
1297
5311455
6604713
5311460
108001
11957626
34359
2548
14675
6917794
45037031
45073439
5464092
34040
16219329
62882
65035
39859
13307259
62920
121587
5909
11957566
16760573
54445
181458
443586
11957590
165193
66366
197067
45073482
62857
4828
5126051
71401
688095
11957558
45052337
11957570
43091
16219720
6918096
6610297
6169
23702958
198500
5637
6610299
2019
72353
11957668
53297886
53297887
29435
11019872
9953599
16062593
448055
158758
5034
3313698
6604849
121846
6603108
6603108
77995
3085106
3549
6604881
6603728
456214
5103
5103
10971931
56972174
6917698
442329
23581816
5807
23581828
47909
24906275
3041330
146898
11674376
6420161
16759156
62879
16759157
443939
16759173
11613341
5327723
73164
22386150
104871
56973707
42104882
90488775
365286
23681059
57118766
176
2153
5434
5434
5434
5440
5447
2723601
2723601
5452
2723790
5456
6989
11088
5804
5467
5472
5475
5475
5479
5482
5482
5482
5482
5483
72139
72139
38945
5503
5503
5505
5505
5505
5505
5505
610479
610479
610479
610479
610479
5509
5510
1989
2310
2310
2310
2310
72138
72138
1683
68591
68591
68591
1140
41781
5517
5522
9330
5533
5533
1990
1990
1990
5541
5541
5546
5546
6400
6400
10850
5560
7547
7547
5564
20299
5565
5568
5572
5573
5576
5576
11310
11310
11310
5584
5585
12132
12132
5587
2315
5593
5593
5603
5603
5603
5603
5603
5603
6000
2318
5606
9939320
1174
1176
5641
5641
71671
71671
5648
3121
110634
110634
73175732
4633
2520
7043
1071
5058
5058
4476691
4476691
67225
9905588
2329
9912
5707
240
240
240
5709
229
229
5964
5717
5722
2333
60490
60490
60490
60490
5727
14809
2335
21847
5733
6103
6103
7618
7618
31593
2337
8754
8754
8754
243
8400
10017403
9393
7187
2343
2344
12555
12555
244
7191
8363
54678490
2351
2353
187
2366
248
71651
7741
7741
203
6329358
62358
39042
10716
10716
10716
158798
227
227
9231
12447
250
13135
13135
17560
2466
64120
64120
64120
64120
16211806
23978
2377
3293
24877
24877
73940221
82240
8829
604
73940223
2378
22197
22197
22197
3442
2149
2149
5280953
5280953
93550
3623
3623
182017
73940242
30165
9884487
2724073
2724073
2724073
23663621
134717
11295
896
6058
6058
6058
6058
667490
2820
24181015
943
16976
11442
587
73940248
253
11954308
11954308
11954308
7060
2381
710
710
710
3423208
5202
1102
1103
1103
165644
165644
2724148
62302
23959
2391
193790
193790
190
21249654
57419691
5634
2478
2478
8646
8646
8646
8646
8646
108107
44135407
3830
6890
22381
9399
10040695
433580
4498
104981
104981
104981
104981
78852
5280460
3571576
3571576
3571576
8259
51
2406
68939
19958
4535416
44112
7628
6448
2431
12450
2435
8385
15583
2444
5558
16422
8272
2446
2448
2448
6450
6450
452192
14130
53461482
2467
55756
55756
55756
2471
62531
62531
62531
62531
444
2477
2480
16426
16426
16426
2482
2482
27368
27368
27368
47472
10760
10760
10760
18026
8005
8456
31404
7184
7184
6241
6241
2022
19999
10448709
2540
8606
8606
6472
2551
2554
31294
31294
31294
6129
5478929
6854
20824
90010
2564
2564
2564
2564
2564
10944
1080
13081
5943
38904
238
6488
3679006
2578
16258
16258
16258
16258
16258
2583
10364
2585
8739
47965
2624
4630261
2632
2642
2646
2651
178967
7436
7436
2655
73945172
6024
8762
31203
2682
2683
2684
5280443
85991
85991
85991
2708
31388
31388
31388
31388
31388
31388
31388
656580
8371
10374
10374
12303052
5977
6212
3036
8612
8612
25295
2719
14869
6982
2722
2724
2724
6475
6475
206
2726
2727
2727
2729
2729
2729
2729
2729
6301
2732
2733
3086579
3086579
3086579
3086579
305
14924
21873177
24808
2741
2756
602
602
8593
2761
2762
2762
2762
42754
42754
2764
2082
2082
2765
2765
83969
311
2780
26987
2782
2782
2783
37907
60062
32603
2788
2792
2792
2792
25419
2796
2799
2799
2799
2799
2801
2803
18087
43231
43231
204
204
42574
42574
42574
42574
2812
702
702
702
702
702
702
6098
2817
6167
8197
8197
8197
8197
8197
9812393
11314
323
588
2882
2883
8820
8820
8820
2748
320760
2905
2907
2912
2912
2912
2912
2913
7024
2950
2952
2955
73897249
2966
2968
2973
5966
15488
2995
124087
107751
72016
72016
72016
72016
3718
3825
3825
3825
4125253
4125253
4125253
3862646
3019
9419
9419
9419
3025
3026
5219692
16327
3037
3038
456389
3033
3033
18381
2094
3042
5971
7268
3052
3054
8542
8542
8542
8542
34328
1549517
19529
10660
10660
10660
3081
3081
3081
24764
24764
24764
8554
679
8569
10831
6126
123606
123606
123606
3100
3100
3055
3055
13505
3108
3108
3111
3111
171682
3114
3117
3117
3117
10579
10579
10579
10579
10579
10579
8987
36811
36811
12620
11339
11339
13583
3149
3151
3152
3152
3152
3152
3152
681
3156
3156
3156
284240
284240
3162
3166
3169
3182
3182
3182
3198
3198
3198
3198
6096880
6144
3202
3009
156850
156850
2117
2119
3229
53708
53708
1676
1676
71188
71188
3242
3242
592735
3251
2122
429694
429694
429694
59768
3262
3262
2017
3278
9363
9363
9363
8757
8757
8757
3282
2761171
7211
7211
7211
3291
3292
3292
3292
3292
3292
16837
16837
16837
3295
12038
24012
8023
24098
57506936
3305
3308
2797
2797
2797
2797
1892
1892
1892
1892
7534
7534
7534
3314
6093293
3324
92422
3326
3331
3331
3332
3332
3332
3332
3332
3336
3336
3339
3342
3342
3342
3342
3342
3342
3343
3343
3344
7329
16211141
24380
3348
3351
3351
703
3354
3357
5201447
5201447
3678
35802
3365
3366
3366
3371
3374
3374
3378
16850
16850
2130
3372
3372
9528
9528
3396
3397
3397
3397
3406
3406
3406
71693
71693
712
3415
14821437
3418
56339
56339
56339
5284561
2132
3434
3440
3448
3448
3448
3448
3450
370
23983
23983
119
11467
11467
11467
3454
5379
5379
5379
123631
123631
123631
3463
3463
3463
3371532
3371532
3468
3474
3478
753
753
597739
763
3494
9548865
9548865
23985
441140
460
460
460
460
23674755
3516
3517
3517
38521
38521
3518
3519
73940225
24769
3607
2141
2141
2141
3610
3610
3610
774
774
14710
14710
3634
3637
3638
3639
411697
411697
16231
3647
7019
3657
3658
3658
3658
3658
3658
5280567
23663628
978
978
564
54459
54459
54459
54459
54459
3686
8032
8032
8032
2148
3696
3696
3696
57469
176163
176163
3702
441189
24000
3715
3715
3715
3715
3715
3715
6009
6009
892
68443
1115
1115
2155
2155
2157
807
3739
12085
6374
3730
3730
3735
2733749
2160
3748
3749
3752
2162
2162
7176
3759
3759
3762
22297
3767
3767
3767
3767
3767
3775
99937
54677972
54677972
54677972
3792
3793
3821
3826
3826
3826
3827
3869
3883
3883
656641
3899
3899
3899
3899
3899
3899
3902
3902
3902
3902
3902
857
2165
73897251
3676
3676
42963
727
2170
2170
2170
864
13520
13520
30667
3948
3948
3949
3950
3950
3950
3956
3960
3961
3964
3998
6338572
61745
167340
4004
4004
1292
4011
4011
4030
4030
4030
22530
54158
6151
4032
4033
4033
4033
4034
4034
4037
4039
2179
4045
1662
8053
54677470
54677470
8556
4055
4055
4055
3768578
6970
6494
3078439
4057
4058
3677
4064
9015
9015
9853538
667490
2182
4075
4075
4075
598
4078
4086
4086
4086
19731
4091
1993
4097
4100
4100
4100
14677
4101
4101
21945
1349907
1349907
876
4107
4107
6082
4114
4114
4114
4114
4117
4121
7151
4133
5861
4135
6850753
4139
20394990
667493
667493
7703
7703
4165
4168
4171
5853
5853
4549312
2528
4173
4173
4173
4173
4173
4174
43085
4184
4184
4189
4195
3599
3599
3599
4199
4208
4211
104803
4236
4236
4236
23897
4238
4157
7638
7638
7638
7638
1978
700
1131
4250
34633
4260
2200
4272
11005
10896
4409
4417
8418
2202
4421
4421
4421
4432
4436
931
50294
413349
4456
11659722
16682736
4463
938
938
938
936
936
4472
4472
4472
4472
34040
6489
16689752
2206
2206
2206
7510
7510
4485
4485
4486
4486
4486
4487
4487
4488
13764
13764
22601
28140
5497
114876
4495
4495
4495
4495
4497
4497
4499
4500
8798
8798
4507
4507
4507
4509
4509
4509
4509
1839
1839
1839
1839
4510
980
19910
4122
2998
2998
2998
164739
164739
4538
4539
4539
4539
15797
21630
10982
10982
4581
47318
21923359
4594
4594
4594
4594
4595
4595
28061
28061
28061
389
967
20846
20846
538341
971
4612
4612
50250
7172
7172
7172
7172
7172
4619
40854
4626
4626
13738
4628
4628
4631
20585
4634
4634
34219
4642
5749
5749
19266
5771
4677
988
4680
8280
8280
4688
6603
4725
4735
4735
60795
60795
25513
3053
3053
3053
4740
4740
4740
4740
4740
4740
5917
5917
5917
5917
5917
9873
73897297
47811
4748
4748
4748
7588
4753
4753
4754
4754
4754
995
7389
7389
23969
8249
8249
4761
4766
7108
4767
19188
31236
6839
6839
6839
5775
5775
8361
4781
4781
4781
6041
6041
69550
7017
7147
14440
1775
23675752
4806
4806
890
4814
4814
6954
499
2146
4822
16362
16362
16362
16362
16362
4831
4831
657306
657306
657306
19675
4837
4837
4840
4840
4840
4843
4843
4843
4843
4847
4847
4847
4847
4847
4848
25561
9880620
11979494
3083709
21452
22836346
1981
1981
1981
1981
2247
2247
44135894
6917
6789253
4886
4891
4891
4891
4891
4893
4893
4896
15686
4904
4906
4908
4909
4909
4909
4909
4909
4909
4909
4910
4913
4914
4915
4915
4915
4915
4917
4917
65708
4919
7099
7099
4922
4922
4922
4922
4926
4927
4934
4935
4935
1032
4943
4943
4943
4943
4943
4943
657298
657298
657298
657298
666418
666418
666418
4976
4977
4977
4989
6713925
583586
1051
1052
1054
6039
4993
4993
1057
427876
5002
101810
17704
54892
6307
6077
22027
5035
56959
56959
5042
5042
5054
5054
5071
5071
5245
7174
5094
5094
5094
73897254
6758
5104
5104
91276
5143
5143
5146
5147
6872
338
23951
56208
6276
7765
71815
71815
71815
71815
24087
249187
5198
5198
19861
5210
5210
5210
5210
2265
2265
2265
2265
24470
6433516
2267
2267
145326
5222465
1983
1983
1983
1983
1983
23662403
23662383
24181146
5235
5100830
23665760
5238
3423265
447043
447043
447043
447043
24271
75905
2723816
16760658
22253229
8771
24477
5268
5268
5268
2284
2284
2284
2284
123132507
5277
220861
220861
5702135
5702135
5314
1985
1985
1985
5318
5319
5319
5319
5320
5320
5320
6634
6634
5215
5215
5215
5323
17134
17134
5324
54766
5325
5325
5326
5326
5326
5326
5327
5327
5328
5328
5328
5328
5329
5329
5329
5329
5329
5330
5330
5330
2292
12894
5333
5333
5333
5333
35967
5336
5336
5338
5338
5340
5340
5340
5342
5342
5342
5342
5343
5344
5344
5344
5344
5344
5344
7322
1986
1986
1986
1986
1986
19988
5362
5362
5362
6909
875
1123
1123
1123
1123
4836
5387
5394
5394
5394
5394
5394
636411
9927768
5401
5401
5402
5402
5403
5405
5405
5405
5405
6651
5411
31373
5946
5946
5419
10391
5426
5426
5429
5429
5429
5429
5429
5799
5799
5665
5665
5665
2327
2327
17676
8480
8480
2450
3060
1727
1727
1727
1727
3559
3559
3559
3559
3559
3559
2145
2145
2145
2145
2145
6405
379
4747
14190
219050
4386
2724023
69398
69398
2266
2266
67652
1820
1868
11957440
150613
1328
1908
1330
11957466
11957446
5860
26968
26968
26968
11018932
178
2735286
16486
51763
1645
1645
1645
1720
23789715
64150
64150
64150
2143
189406
1365
2724466
11957454
45114047
9433
9433
443120
903
2259
2207
659966
4345
4397
73484
451515
6114
6114
6114
3452
11957463
5372720
11957452
2071
9951033
2252
11957464
1795
80302
124887
124887
198382
11957441
1967
15517
71433981
1367
23663660
5702010
2723609
11957442
2265
2022
2022
2022
2022
5005498
3857
6322
1216
132837
132837
2244
2244
73314
22411
5940
5940
71417
71417
9301
9301
9301
6603710
1564
1564
443600
443600
17882
73334
2734952
2794990
2794990
75626
97587
12035
92136
70547
70547
16230
11957457
167529
2735333
4615193
2094
11065
11065
29770
186136
66368
66368
66368
2123
2123
2123
2123
2123
2123
100526
16017
11957453
5960
6603717
6076
1794
6128
148673
2733501
11957448
2196
2196
2196
2196
11957477
11957479
11957482
10386130
6141
6141
6141
6141
6398969
62884
4177957
11957478
4650
210172
11957483
11957484
23695847
2733490
2733490
4400
11957470
2445
169743
6852400
6852400
2436
53399087
5311036
2331
1649
31100
4578
4353
5702295
5702295
2471
2471
11545
2735510
11957476
2491
6035
50088
50088
50088
11315337
2302
2302
107952
107952
80289
36431
36431
36431
26964
26964
5281004
5281004
5281004
5281004
238053
238053
5087
5087
5087
6100
6100
6603748
3080928
3038495
68886
68886
11957475
11957509
657346
11601888
2763
2763
2763
1858
1345
1345
2754
2754
2754
2754
2519
2519
2519
5024764
5024764
3519541
3519541
1329
1917
1228
123945
11957507
104895
104895
44134606
108047
11957517
9909521
11957501
2730228
11957510
10038849
4059895
74724
2733484
2717
2717
2717
2717
2717
1902
2690
2690
2690
11957504
203135
11957512
89105
10008573
6419997
5310956
2821
5753
5753
5753
56840877
2890
222786
222786
222786
11957503
72311
4211
4211
4211
4211
5745
5745
11957494
11957495
26531
2909
2909
23695849
644274
44093
60839
5831
5831
5831
1549098
1549098
6604076
23675321
22576
194216
2720
2720
2720
14412
14412
11957496
11957496
11548
11548
11548
11548
11548
11957487
1730
854019
854019
5312115
6105572
13770
11957488
23666711
23666711
4652
4652
64927
64927
6603782
40958
5926
3626837
107681
5941
68539
68539
11957499
11957499
20179
23675341
23675341
2753
2753
8743
2544
6240
6240
656644
108042
23675312
169373
38533
2762
2762
2576
2576
2576
2576
2576
19379
19379
19379
6603792
53394933
11051941
289
99625
11957500
2910
2910
9841284
24360
24360
24360
11230706
22872
3032728
11957531
10069059
11957536
11957505
11957524
2137
147514
104920
104920
11957535
3899541
3899541
11957513
65324
65324
11957540
3014059
3014059
11957518
161713
10921
10921
11957521
10386195
24042201
11391
3870203
57369865
1845
99562
1779
18283
18283
18283
18283
11417991
1317
11957537
10131132
11073838
445227
11957520
2944
57004
45260711
11957534
9853645
71171
71171
71171
2733504
8980
8980
8980
650
4278
10649
11224
11224
65327
65327
65327
5881
5881
1775
9964741
31195
657302
11957514
29976
23668320
4687
3136
5280569
5280569
4223812
1774
24066
24066
24066
24066
11957516
11403931
86470
5911
3012
3012
30928
30928
5018304
6603822
9855833
1474
5281708
5281708
442897
71754
441344
441344
441344
441344
1609
9926237
1877
11957525
132496
446849
6603827
6603828
3019
3019
547
32731
656765
656765
62978
62978
107704
4375
104999
11973707
11957545
31116
37274
11957539
11957542
200213
200213
8307
11957548
3213
3213
3194
3194
3194
361655
72241
4362
6207
3225
3220
3220
5757
5757
5757
5757
5870
5870
16037
16037
16037
17011
3433
3423
3423
43725
43725
43725
43725
3448892
23663954
172306
716312
67356
68626
68626
68626
3373
3373
2837663
2837663
3442
3385
3385
3385
3385
41022
41022
41022
41022
11957552
3413
133012
389644
389644
35353
35353
35353
18343
18343
53275
3333
3333
155107
11957555
11957555
205536
3488
3488
3488
3488
6603857
6852405
6852405
6852405
119558
10042240
3539
183817
183817
3446
3446
3446
2723891
5961
9853099
203741
11497466
119376
119376
6604955
5280961
5280961
5280961
5280961
5280961
3392731
3392731
3392731
135313
6172
6172
6172
6172
173615
173615
11957553
5821
1245
1864
5938
11957559
73332
73332
1738
11957564
23676659
45114048
107812
9351
122926
107794
443239
2752110
60576
5754
5754
5754
3639
3639
3639
3639
54722180
6238
3035523
5818
5818
5281404
11957565
164437
66091
65340
23668244
1826
785
785
2724402
160436
160436
439280
443297
1742
11957560
3671
3671
145685
3674
55918
11957583
3727
656717
10314472
55305
129407
11957573
1340
107995
11957557
11957586
2415
2415
11957588
3773
115348
5312126
11957569
9803932
1233
1233
11957579
11957579
23702
23702
425
4172142
3758
154494
154494
11957580
8228
8228
10729
9367
9367
11957581
439744
177903
57182275
172975
161930
23704140
11957572
3802
6603892
84003
84003
84003
3825
3825
3825
5311198
36856
3845
3845
3820
3965
71412
71412
71399
71399
71399
23681233
11957605
11957609
11957618
11957592
3932
3932
3932
133633
11957600
6603900
9795082
9795082
3885
3885
3885
6603901
4605800
11957576
68624
68624
10098248
3878
3878
3878
101615
101615
433294
71420
71420
71420
71420
39562
6314
6314
6314
196663
4350931
3883
3883
11957591
122070
122070
3957
3957
5311203
11957589
23659
23659
11957611
107982
16817
107759
57369872
44134824
44134824
6604126
11957593
11957593
84605
4122
4122
4122
3039995
260390
11957629
11957631
11231255
11231255
11957639
4381
3661570
9859122
11565569
11957651
4023
4549312
11957633
11957640
9944443
441333
441333
68551
68551
155806
155806
4519262
21467
21467
21467
21467
21467
4238
4238
6603922
104762
13347
22880
11957616
23695851
28693
28767
28767
5311302
4051
5281670
5281670
11356165
4038
4197
4197
4197
4197
1222
11957601
13758
11957614
89034
89034
11957594
9794588
60662
11957608
119442
73153265
644213
644213
6603931
66414
9082
9082
11957603
6081
6081
6081
51082
51082
6198
6198
11957622
72430
9976794
101964991
55245
55245
2987927
1390
13221
13221
13221
8667
8667
8667
71478
150584
4488
16219721
123738
4507
4507
4497
4497
4497
134453
13320
13320
324274
324274
324274
4401
11957660
5311307
4552
262093
3272523
3272523
8246
3074827
4551
11957642
157991
4477
107966
176157
10404739
3864541
4549
4469
11957628
440005
1678
1678
135193
102542
13468
13468
11957652
41114
41114
1893
1893
9907039
11957648
1871
4493
4493
4493
4493
4465
39214
39214
93004
93004
20592
20592
20592
20592
4383
4383
4628
4628
4592
4592
3027782
3027782
12745
3038740
443751
443751
66259
66259
5242
91505
91505
91505
91505
439501
1456
1456
9568
9568
9568
87076
87076
4615
4614
4614
4614
4614
5994
5994
5994
5994
4671
4671
4813
4813
4813
44216796
11957599
68841
11957666
11957671
11957674
65341
65341
65341
11957676
11957679
1641
1239
4780
23682212
6473767
1756
101086948
92225
11957655
9604979
4779
11957675
40632
40632
40632
4713
4713
4713
4713
1922
71297013
11314197
6603967
6084
5849
5849
719408
719408
441203
363417
363417
11957661
16760703
16760703
16760703
6014
6014
4891
4891
104845
104845
120729
4801
6039
6039
6039
54676228
54676228
54676228
441279
1066
1066
4748
5887
61100
61100
61100
443885
443885
546
1046
1046
1046
11957677
71405
9532
91430
24351
4788
4788
4788
9373
9373
9373
122634
11957662
11957667
11957673
73343
73343
11957663
14667
14667
47812
1853
9883500
9279
4838
5462338
5462338
57347673
6420060
1318
66068
66068
66068
66068
92163
4938
4938
7550
5795
5795
5795
5795
5280343
44134919
44134919
55397
55397
57369633
57369633
57357435
68728
3057788
40539
6239
6603980
3040551
5074
5074
5074
5702251
5702251
5311308
3495594
4073180
5070
5070
5073
5073
5073
11663304
68712
68712
11957681
54900
54900
54900
54900
54900
65752
65752
68727
5056
5056
5056
5056
5056
5056
5059
71279
11957690
11957691
5097
6758
11957680
11957683
2737391
135348
135348
9899402
121930
66245
66245
692413
9926639
6604165
3277600
5335
5335
5335
5335
5311430
11957706
114866
11957708
5360
5270
5270
65253
10220250
11957703
131746
11957705
11957707
11226716
11226716
4306515
4306515
11236
5702250
9539
5152
5152
5152
5152
10321498
11957685
9384
173870
4336830
4336830
11957695
11957697
121880
72124
72124
11957686
176158
176158
4210951
9884675
71077
5233
6604009
6604009
57346360
8515
8515
8515
68635
4389
1104
11957684
11957687
128355
11957693
197690
5352
5352
5352
5352
22475
123015
123015
123015
11957700
6604858
6917797
235382
6305
5527
39855
5702253
5702253
5702253
16361
5522
11957728
6419995
6419995
53393972
53393972
5426
5426
5426
5426
5426
5426
5382
5420
66007
66007
66007
66007
11957702
11957722
114924
3353976
5614
5520
3060974
3060974
31620
31620
66449
66069
114766
114766
5602
2051
2051
10648
10648
2055
2055
439647
439647
9883301
11957699
44383
2389
2058
20980959
373911
11957709
6112
3132
3132
41991
62935
62935
62935
667645
31307
31307
329565
64690
64690
2045
2063
2052
2052
2733516
73093
2061
1359
1359
8695
8695
8695
9874535
3725
2057
5578
5578
5578
9852041
66064
66064
4234241
66062
66062
49926
49926
11957443
2046
167980
5640
11957712
2435
11957718
57347762
53447313
6610320
11957711
71433934
107656
1178
57347767
62969
62969
4046493
443955
22022153
11957716
440053
57351886
447196
3003565
3003565
2733515
10440396
5697
68554
155773
14634
14634
14634
56017
5712
5712
5722
64757
23696706
5723
5723
176406
5566
5566
5566
253078
22576
421610
443593
3151
435678
60699
60699
108144
2170
2170
1645
5280443
5280443
5280443
1935
2244
2230
12035
16231
16231
2157
2157
53316143
4768
444
444
444
4578
108107
247
2369
2369
3654103
1345
72311
644274
644274
2720
2812
2913
2719
2801
2803
2803
3455
65324
8980
5281708
5281708
3108
3108
3108
3108
3108
3220
3220
3372
3373
3373
3356
3341
53276
3397
3397
3397
3478
3478
3478
3478
3538
5280961
3456
3637
3827
3827
4282258
3955
39562
3957
3973
3973
4810
4810
4810
5281670
896
9794588
4212
4212
13059329
4418
4488
4488
4495
4477
4636
4601
4680
54676228
54676228
3675
3675
3675
26070
4917
5280343
5280343
5070
5070
5073
688570
11957707
5253
5253
4210951
92409
2051
5401
5401
2520
5684
53785439
441244
493570
5280567
5280567
3038
3038
5323
5323
5323
5430
5430
5430
4114
4114
3503
5281607
5281607
5281607
10235
10235
5280863
3830
2353
441328
441328
14219
14219
14219
3366
3366
3366
5510
71655
159766
25294
26596
26596
4912
4912
4912
4272
4272
4272
4272
3463
3463
3463
23663126
4030
4030
3334
5472
41781
41781
54677971
54677971
54677971
3229
65981
65981
65981
2749
23663974
5281605
5281605
5281605
5281855
3218
3218
3218
443723
5280378
5280378
6029
5281614
5281614
5281614
15541
6758
6197
6197
6197
5280373
3547
3747
3747
3049
3049
3049
3394
3394
3394
3702
3702
3702
5870
5527
10168
443955
443955
443955
4021
4021
4021
4622
54677470
54677470
54677470
4107
4107
4107
3198
4746
3325
68553
68553
3822
6215
5018304
9642
9642
51039
51039
6741
6741
27503
32798
53232
53232
53232
35370
35370
35370
35370
11683
11683
11683
11683
2264
2264
44305155
54677973
54677973
39836
132449
132449
175534
53394791
45073418
123983
123983
4705
3086599
4302963
4302963
176155
54686938
2987927
2987927
5730
5730
285033
55245
4646
4646
448991
45073452
4521392
4521392
149351
149351
149351
149351
107935
107935
3447
66414
55667
4331799
3784
3784
3784
47528
47528
9850876
2331284
4463
34312
57469
2888648
4076092
568416
425
50599
50599
84691
5361912
5865
5865
41684
41684
64143
64143
6010
91649
31553
439280
134601
134601
11057
11057
20525
15331
2662
2662
2662
2662
5991
22571
10208
135411
3476986
3476986
379077
379077
2159
2159
409805
60703
60703
9934458
9934458
9691
9691
9795278
9795278
2828334
2828334
16760265
162834
5311257
5311257
6291
57363
57363
57363
171409
27447
27447
4170
4170
104762
160355
160355
31043
2883
2883
2094
2094
2094
2724350
2723601
16204922
16204922
4840
709
82153
82153
72139
72139
5284557
5284557
5453
5453
5453
3365
3365
62853
3475
3475
3475
62923
51040
51040
5090
5090
5090
77999
77999
77999
77999
3034010
3034010
3324
3324
3324
150311
150311
65999
71764
40854
2577
2577
2577
4679
5995
5995
1156
3071
10228
10228
83218
83218
164676
164676
5358
5358
5358
77997
11092
11092
97226
97226
10639
147569
6072
6072
439503
11333
11333
23663973
60825
60825
60825
13109
13109
229455
21800
105024
60490
60490
123631
123596
123596
4271
5362440
65016
12947
12947
69438
107807
62977
4659392
121586
76044
3086537
443872
443872
374536
374536
374536
9914412
9914412
9914412
68313
115269
5282060
122364678
56463
3752
3752
3752
4413
6018
2929
5310993
119584
114869
114869
5516
5516
46780495
616236
3246820
42786
5311340
5583
5591
5591
23663939
57339442
5478883
5478883
462382
16078973
16078973
6710769
6710769
3541
14973220
3651377
3651377
4593
72947
16759602
56984336
105115
3751173
8955
8955
41317
60560
27400
27400
449069
5360
5312126
107985
151069
6610318
3501
5746
442972
312145
312145
312145
479503
28517
3499
72092
10207
107971
5281612
5281612
19212
442088
72303
72303
6931215
5418
160254
160254
73265283
8617
5819
5819
5819
6251
5717
71329
71329
3873
60835
58753595
104850
176871
92727
4006
444025
3936
146801
3235
65947
60164
2187
2187
2187
71616
71616
60871
71916
104741
104741
16218924
65015
10196499
5362124
5362124
9813758
9969021
11345983
4248455
493027
123964
73265360
5081913
5081913
5081913
5081913
406562
10367662
4261
398148
1401
1401
49761481
49761481
9949093
46861545
210332
9858940
10316032
53396327
656734
1383884
220401
440936
440936
440936
5756
5756
8567
60464
60651
6256
65663
12003241
5482
5482
441351
107979
119570
119570
119570
2787
39764
2161
2161
73303
406563
406563
108031
216326
216326
4008
6099
208908
3081361
71433778
123879
54260
5381
2536
77991
65958
110634
464205
53395145
44483281
311434
9872438
56972179
56972179
11317348
11317348
11317348
9903786
9903786
9903786
9903786
9903786
4536128
2777
5311272
5311272
11201705
11595431
104842
104842
2585
2585
71309
6917695
5311
5311
9840076
1029232
5494449
9908783
42647289
11219835
213039
3052776
110635
159278
34458
20058
51081
56207
179651
2442
60773
24873298
65028
208902
23675320
23675320
36294
36294
36294
122724
122724
5284549
37393
5380743
444036
444036
444036
4595
4595
3690
3690
3690
3690
441145
5281613
5281613
441336
441336
3760
5755
5755
5905
5905
71774
156418
54679224
65906
82146
3080398
108143
3062316
3062316
388945
29769
29769
29769
77082
2449
68791
13854108
6918182
22386467
4887
4659569
60753
6918365
4440
71992
11213558
24180125
154257
441413
134018
43231
43231
3009355
158550
197033
156414
156414
5284587
53396328
216237
157920
483407
14982
392622
392622
644241
9853654
44620939
300471
11398092
44143209
60810
9931356
454194
12305761
189562
5486830
5720
101526
11493598
60613
54671008
57519523
44460130
15150
15150
15150
46925884
57417226
151075
259329
259329
65632
115355
25150857
44543605
2844975
71157
53394675
53394675
442424
9842290
9967941
9967941
5284583
5284583
11983295
60852
3043582
521106
5493444
46930998
44246499
11977753
17755052
9884685
9884685
24180719
24180719
24821094
46209426
46209426
24978538
44182295
44201333
107970
2006
57354691
6918456
208898
71360
10113978
9938203
967
10127622
10127622
6918454
9826528
46224516
49852229
9926791
9926791
11467730
104758
15953870
15953870
23725625
176167
16038120
6857685
46926062
49852941
3038522
10302451
10302451
53398697
10074640
156422
5328940
3086685
3038525
3008319
206042
206042
46926514
25169382
11987888
9803963
16095342
449054
11626927
11626927
9826308
9826308
766949
5113032
50905018
11530459
9910224
16220172
11152667
11152667
24995523
24995523
44219749
44219749
446556
16659841
11634725
3922
9916391
9841667
53440640
25184035
16222208
24776445
6419753
2765355
2880483
119192
66249
3032474
387447
387447
57519525
57519525
88353
11178236
148121
11243969
11655119
52948550
16722836
25126798
25126798
71717270
25062766
131411
42640
35802
35802
158781
73642
439268
114917
6918678
71300295
16736529
25210273
9954539
137994
57519551
53316426
25195294
9911830
16747388
9808844
11315474
25183872
49867936
11556711
10341154
10341154
46933992
9799389
54708532
133021
57519549
11327430
177335
9956119
11676786
16097523
24775005
1005654
22291652
46843772
10077147
91826474
11155873
11271909
24951314
10226546
57519509
16736978
2726824
57519528
42611257
42611257
11626560
5459219
9887712
11485656
11960529
25262965
159324
11656518
25167777
23630211
25022668
123723
46907787
11364421
11364421
25124816
25124816
11228183
82148
22313133
51755
198792
219078
83969
73115
3052762
2404
11406590
73265220
73265219
11625818
16654980
16722832
16722832
252682
70701134
70701134
56832449
1324494
213023
9875401
46927888
10158562
25105690
53484170
9829162
45279469
9929127
57519513
44195701
57519544
57519550
24882589
16007391
56973724
11338033
11338033
11452716
49830988
24856041
11719130
9796068
9933475
9933475
72686
44551660
9811611
53401057
57519511
57519511
216467
216467
42642645
10026128
67748409
57519519
68627740
219077
2800647
15983966
15983966
126758
6450830
11238147
57519507
6433118
15951529
49864204
11159621
151183
16755649
11998575
11998575
9954941
9849040
11431660
447371
25154867
11612883
51371303
449035
56603532
11957756
11167602
9871074
6450819
25195348
44607530
2747117
57519510
11314340
132971
10297043
10297043
9824562
5330790
5330790
24826799
6918848
44137675
44137675
53437714
56965894
56965894
24794418
11282283
9868037
11234052
11234052
17754438
49867930
24779724
25102847
22049997
3025986
3025986
46191454
46191454
57519512
49848070
11609586
25066467
9931953
6851740
15547703
44155856
24756910
49831008
57519545
57519545
11707110
16725726
9865515
24856436
57519532
57519532
24795070
24963252
24963252
11454028
46911863
57519547
9902100
24748573
9869779
5327721
9806229
53317853
56965901
9823820
9823820
16108977
57519505
11858109
46398810
11442891
11442891
6420138
6420138
11667893
16086114
42623900
11455910
2950007
1367095
1069686
2913564
57519531
2742550
49836027
51358113
57519538
54677977
119373
73461
5310939
24824610
44599690
10070893
9807431
57519553
9953906
57519535
57519517
54706679
3099980
53348204
5201899
57519529
17756618
25021165
265237
56965963
44156902
72188603
24771867
57519530
57519543
189821
3037209
441401
441401
60865
60865
219099
46199207
51037431
3033825
3033968
2723920
49850262
3994
2826191
10339178
6032
2088
2088
441314
441314
60198
60198
11393719
44143370
53235510
9968854
6917849
4823
5311066
3793
3793
11955855
56970298
5284329
704473
11384493
9882793
4009
101271488
158797
52943938
44405886
10047612
5748293
5311194
122262
5878
25249
52912189
56962337
57339144
54685215
11347535
24770514
44573504
73265222
57703712
23836158
11248978
9820008
71304818
67310049
105000
1673
1673
46213929
24753719
216248
73265342
3007908
148198
9867340
25227462
73265370
46918825
49846579
9867642
25134326
44591583
25171648
16720766
25227436
56949517
45270144
50922691
25067547
11270783
9826188
53340666
9918559
10288191
4253236
50909779
53388144
29243
46911017
73265216
5318980
9868928
10322165
5288446
90307454
27125
56965895
10271028
9819282
21081761
73265272
10430360
5494425
447077
5327916
9863367
9865587
25093235
9952773
2864586
46180666
25242324
44205240
10240275
59437537
24879368
73265273
16723044
16722834
73265238
16757524
53322732
10195250
25207689
25125014
11676971
57336812
56953649
24857323
25206185
151171
11373846
9950176
6419718
154234
44309670
24958200
9865776
91486727
68871
9818479
5483090
51000408
16048654
148201
9803788
43860
24785538
16222097
16004692
24989044
25161177
66646767
45375808
11561383
46189838
59239165
11750009
24800541
3086576
701891
49836020
25181577
12000240
24739943
123533033
65625
10437018
11647372
11647372
11749858
11538455
11712649
42609849
10027278
155815
1893730
1893730
3035714
9907093
9907093
44607360
44607531
73265416
11326715
56965896
68861
148177
46883536
388944
49837968
24864821
10427712
71317162
71317162
24901704
73265218
54677935
50515
50515
11215316
71339
57011757
441130
441130
127909
68739
24768261
44139710
11249084
11249084
11256664
3038502
44187362
25154714
71433510
54143018
6852167
6852167
11539025
16202152
16202152
53258756
49867926
49867926
66910320
53401092
73265217
3010818
44240850
44240850
9549295
11175137
11175137
16678941
134780
10231331
49867929
23625762
10182969
9843750
10286159
5312125
60877
5277135
449193
16666708
16666708
24996872
67089852
67089852
9892071
9936388
166558
11488320
11351021
16666332
23654923
10317566
53245636
53245636
25099184
25099184
204100
204100
70915384
12972417
1549028
12308750
5417
5318997
5318997
5318997
91466
114850
5538727
50990435
161557
439435
260439
14240392
25195354
151178
24905149
1550286
16747683
16747683
11689883
24905142
24905142
9827968
17751819
17751819
25008120
25008120
5495818
42636535
42636535
2844288
2844288
25257557
54726191
11581936
9796590
6918852
25229526
25260757
25229450
10152654
9549289
12215
11417954
644250
23635314
16124208
10668660
25182616
46885626
46885626
44187953
49784945
9796181
46239015
45375953
10096344
46926350
46926350
10366136
154272
72726
13564418
6918445
54690031
51712
24857286
24764449
11556427
51039094
16718576
16718576
11955716
25154041
25154041
53396311
53396311
10202642
24988881
11978790
456199
9956222
2044
2044
23116322
11717641
11754511
11754511
49806720
44206063
44206063
9910486
24812758
54575456
5329775
5329775
54731643
53310982
56956240
10253143
25262792
11620908
16038374
54677946
25145656
25145656
10210810
9854073
4784
2296132
148195
21769900
5459840
71354
11188409
51039095
10701
44462760
73265232
10158940
10158940
44251605
40509998
9848160
11303165
11715767
11715767
42642648
24872560
15953958
6918493
441404
5281377
5486971
121892
656627
9804992
58221879
9801969
10339779
130621
46843906
5311510
219100
70684
2836600
2926768
72271
104799
515328
476861
53393490
46215815
46232606
65373
65373
84759
6679404
78357869
405012
11249248
219104
5362422
5307
60119583
6450813
52918385
44473434
5003929
60803
44632017
4787937
9818682
4996
10459196
73259
439518
24800108
9934347
9883002
107706
66774402
68712644
73265377
10459564
25265312
644215
20635522
3796
46898058
20601328
10200390
66577006
49766501
4611
115150
4566
73293
10109823
25226483
25226117
69923936
11844351
73265214
71748056
73265276
42628535
68234129
73265211
72664381
73068460
66577038
56846691
49830258
676352
12387471
1067700
68938909
71550931
10172943
11501591
73265331
45942672
68210102
24883277
9804433
11673921
73265212
73265215
53325875
25021162
56645356
71299339
1328033
44250175
72959169
6810656
73265334
2882155
70561890
56963315
58539301
791637
56645961
44135961
2155128
8582409
46926973
76324808
789882
53239854
57394021
46931242
72551586
11654378
2179
2993
4106
237
5035
2520
2520
221427
315810
328377
2737412
232570
806449
222943
10718
10718
220852
329038
230726
327470
242249
935396
667490
667490
1923
4908
4055
4055
3634
3634
3634
137
137
294641
294641
2723601
2723601
5455
5455
4842
4842
2391
2391
3624
2346
2346
5281855
5281855
3828
3828
2950
2950
2743
2743
3503
3503
2901
2901
4871
4871
92122
92122
5281571
5281571
6683
6683
442783
442783
3681
3681
73677
73677
54683839
54683839
5281650
5281650
259632
259632
23307
10143
10143
10143
4630
66677
8646
8646
10237
10237
24360
24360
34458
34458
5392245
5392245
2904
2904
3616
3616
60700
60700
5291
5291
5291
60838
60838
70006
238065
272224
209395
8367
232048
351549
246764
341385
80771
247634
235922
232204
199037
221080
308753
224178
238490
228632
35697
15718
6758
2353
83259
370314
223561
330436
5290645
370316
370317
367214
73078
2236
242589
7271795
7271795
19103
19103
73554252
73554252
3611
3611
16667711
16667711
69711
6194
23615975
2767
5746
446556
9887054
176870
68740
216239
208908
6326719
41744
644241
216344
54608729
518740
84169
95692
8795
238307
75741
241106
30386
252828
270782
88499
282395
3034598
288604
5372812
304622
340711
386770
2735473
14547
14562
74032
223159
95627
94713
83382
3034160
224588
225433
225436
225574
79496
66642
72
72972
226452
227132
77623
95139
228023
229296
229297
21632
231576
49719
232439
13625
234387
95778
234683
67473
67472
3720756
46428
23383
237409
237627
237930
816944
4453076
19337
238933
78103
239043
239732
239922
2801221
241200
3034186
242279
81353
244527
244593
244797
245687
246750
222697
237637
261282
1532
234540
33631
282308
3101682
87371
289159
289279
289701
290042
290636
290794
291128
246831
246835
114641
84651
247486
3034512
247869
247872
4057010
54683140
2735273
250957
9189
252159
96474
90448
253504
253903
254334
254566
254577
255361
98134
96625
256230
256308
98152
256462
256467
259161
259624
259834
261536
97016
52210
263177
3278847
265885
4216735
266964
267377
268461
54676534
265580
269008
269208
269657
6399627
273543
274097
274155
275363
9212
276764
278156
278388
2760408
281701
281704
292632
294461
2725680
98760
2734794
2759330
298498
303144
304102
307143
307963
313384
314831
4677074
320833
321877
5220052
324213
29661
327719
100517
332697
5384532
76819
336484
346045
58035
374931
379839
383824
219778
219840
220191
220284
220370
72790
221797
221836
66733
69448
222304
222680
81528
88707
222857
95442
70851
223160
223379
223471
223812
224019
224030
224829
8562
225310
75870
225703
225786
226204
226552
3774396
227493
3714937
227510
3034494
224963
227884
228267
228526
5354979
229514
229515
233320
76104
76103
223899
80525
294846
245201
237119
242230
234598
226655
294256
759327
229747
229856
229862
229910
229942
230452
230634
230934
72279
7340
231244
231384
231439
231705
3846249
232056
232315
2788892
22773
233815
233817
3770797
234602
235110
235288
235333
3737309
66778
236027
236243
236331
236401
3034500
240841
241512
241788
241827
85564
242571
14358
244677
3909334
245295
245299
245369
245581
236809
237118
237172
237195
3720751
145860
237629
237923
22733
239538
3000792
3003779
69588
79655
247404
12856
247736
96272
248473
248998
250770
250943
252031
253931
105268
254642
254722
254854
3923088
255516
83773
255817
256661
257244
257356
258436
258441
258624
259159
75070
259232
259366
67456
96827
260384
260480
260644
3400678
3032663
72725
263966
4329248
264126
264770
265354
265605
3034557
266151
266331
853760
266598
97205
267162
267294
267330
5359646
268659
268715
268717
5351954
268967
3740466
269662
269862
5381190
270748
138281
272940
273066
274295
274314
275137
3659581
3033390
23263
290557
100514
100520
2806884
2728546
71407
332769
332939
5384461
4311200
335095
335096
335306
3246448
278483
278573
77123
247737
97545
2826863
280908
281782
703638
686648
286507
286526
3968995
288321
289260
289912
289926
289999
290289
291414
292136
292579
292850
246851
295052
295350
296093
296409
5383372
5361852
298466
300952
5383687
302654
303407
304350
818567
305814
307136
307181
307728
220095
312002
313441
314836
250660
318461
319257
319427
321725
322051
322430
323282
323532
324319
325181
327173
328746
328981
339578
339743
2757789
340904
341427
341821
344197
345306
3919021
345651
6888
4566503
6711257
354261
72198
223830
136949
367494
367508
367901
367935
334612
370295
370315
371593
372101
3001899
377825
377838
378296
378297
381094
219320
17210
220400
220912
72721
221245
221756
221776
221786
85070
222105
66672
222209
222248
222268
12446
223026
223060
138495
223541
223751
74165
223920
224274
224264
224275
224378
224570
224612
224665
224716
224790
224834
224920
224922
224934
225223
21551
21552
82980
66671
225917
226329
223540
236003
3034649
223293
79769
223396
372186
70875
64116
223719
236656
225178
853997
226333
226508
226559
226756
3701969
227518
227775
3003754
3003755
228412
228580
229284
229285
229766
229768
230602
230648
231112
5154872
81146
233004
233009
233281
233294
233297
233841
233874
234263
234643
68089
235437
97766
235837
235981
236210
236501
236902
237061
138888
237084
237340
237481
237671
237672
237673
237780
237991
238013
238243
238244
238775
238802
4581572
239465
239710
239941
239982
240167
240805
241244
241907
67274
242587
244086
244522
244741
246421
246547
246651
246783
95019
64983
249938
249995
72512
250648
250649
3965652
253332
253500
67133
253658
254339
5357493
254959
3246314
96720
12004
258939
259144
259418
3861168
261413
5285333
261617
261865
262424
3034459
263534
263555
264084
264507
265127
265545
266689
54683147
268524
269153
269609
270273
270498
272334
272338
272524
272594
70849
274547
274749
100053
274911
275503
277047
277385
82749
279426
279609
280739
280831
96213
248719
321919
325627
325654
327018
327172
163121
327935
328012
328013
65758
328621
281790
283537
284708
284723
285402
286479
98551
700795
289468
290470
98960
98965
292556
292807
294758
295303
295951
295991
295999
296597
35758
298930
300631
708470
288814
301423
301742
301926
303353
303834
2803091
306162
4007404
5152210
42640
309163
310223
310231
310517
310541
310661
310951
311386
312059
313619
315155
315285
315807
318105
5358689
736267
323484
4309731
323637
324088
325415
325418
329474
330473
330501
330535
178054
331807
332784
332834
332921
100640
3905060
335175
5034882
337980
338515
339237
339701
339736
339983
340229
341156
341725
341783
342111
342323
342499
342543
342625
342695
344075
347641
17893
349243
352022
109265
352307
367215
367528
367539
367544
369538
369539
370255
371271
374760
375797
376328
5467827
378581
39164
387118
388636
390891
220688
220689
221226
6777
222114
222169
72722
223655
224037
224208
224261
224574
224810
225068
226343
226014
227337
5384874
5465692
378292
224687
67277
230598
255753
151963
223750
10196
234168
258634
315039
22641
223570
232347
67275
81109
255082
255871
227516
229939
73393
76448
230513
230813
230812
230919
3034499
231625
232590
233722
233833
234082
234126
234249
234637
5355412
234859
235292
235392
236933
238626
238627
238745
239838
240168
240350
240876
67238
78443
242789
244300
244386
244989
246666
246853
247251
250222
251025
251469
68281
253291
96506
255834
256561
225289
258233
258293
6725
3246331
678138
260291
260295
261032
261126
63114
263702
264512
3034554
3289174
97098
265056
265594
265940
266625
5380759
266913
3580213
269431
269665
269707
77258
272367
274299
274542
3681984
276137
277386
277465
280816
280864
280865
282953
285410
285470
286826
287142
4261343
287215
287384
5382671
288774
289037
289464
290282
5382860
292106
292795
292896
293093
295274
295298
295994
43265
300949
5383615
302501
302780
303308
304734
304902
305118
305669
306636
306836
307712
307717
307727
1552993
4644221
308391
308963
309166
378258
220490
54688361
3034178
222572
223753
224295
224744
226222
226356
226671
227464
227967
232146
233324
234639
235216
235440
240099
24674
241911
67239
66572
77955
245561
247951
248466
250997
251968
254459
254993
255890
256762
258632
259580
260257
260270
260271
260272
260282
260307
260308
260309
260310
260314
263463
267115
269341
271030
272364
272568
272645
273076
274298
275965
280863
289688
290537
291365
294775
295591
303321
303908
305114
5216088
306966
307686
310521
310538
3967840
4132952
260981
288286
312365
318119
331166
331544
360924
364404
364626
365208
366109
367432
367515
367523
370318
375795
309179
309498
3003893
310705
310759
310764
311375
311389
311391
315805
317124
320919
322247
322878
322919
322941
322942
323487
323616
325657
327045
327065
4066
328773
328774
329185
329202
330490
331715
331772
331795
331833
332174
332429
332430
332435
332780
30823
334189
334839
335168
4648526
100678
338741
339572
340708
341154
341868
341869
343660
345867
82011
360475
360769
3976284
94975
224644
259084
268954
5019888
272358
235004
6699
244132
275189
79650
72616
235621
243149
276750
311976
334739
387104
259211
294609
311401
285449
311374
99342
2348
321194
321195
161370
321836
324090
325108
328144
328910
328928
329163
331161
342330
332855
167456
326813
330267
330500
330743
330820
333906
335629
336937
338190
71060
91734
342201
342561
353380
122737
360561
371087
377887
378522
382634
383913
219835
31316
221125
3361436
224524
224636
224928
232763
238991
245550
246496
247799
256248
261360
275195
278037
280492
282697
83650
292582
294848
304907
306235
306548
3264891
320518
322449
223752
5352000
235811
235856
237691
244635
65558
165308
249307
72571
255329
255437
266203
287145
4532204
309281
329165
330740
331343
22017
3978741
3741355
3929273
331156
326893
328761
330625
331767
312368
331788
332058
262502
325266
334708
3246720
232432
233331
247228
255326
255330
14446
280860
5236119
319089
329164
332164
53277
342632
234846
383092
6280
54677920
308371
180752
344218
308437
40586
327277
338659
6711227
417662
321248
433555
317610
2921
333793
435751
433902
403923
122731
54604512
197204
334044
341882
453654
16130049
36284
72341
301804
429444
431000
54676871
343375
247955
344199
3430
318503
4490
222178
246845
5326566
94391
90469735
23205
266651
222778
232430
257275
6711177
5351130
4970
95587
242402
73486
422576
5281707
232990
72633
69462
1205
233380
54603556
215159
122726
1174
19909
7243
10971
10789
264
100411
55710
362479
366908
12649
65275
344174
157167
357100
393385
237013
24633
243973
5351216
54747
331775
2725906
4682049
6399302
2041
5351254
84191
362170
294280
384295
65237
5351179
278806
280616
293379
296365
434786
354527
366913
6712125
380807
390799
70848
31420
1563
245044
249012
257702
77917
273956
98513
366724
377877
370257
38508
5351424
385387
264119
27775
277822
4311030
300571
326959
332306
198690
72828
3812779
353644
354778
361920
367808
379593
379622
384525
394347
70116
80412
228944
231430
9991
244091
67954
266923
286636
3664418
1821
300942
303252
303257
320279
5458562
92368
323701
324952
125819
5351306
71750
3000671
436065
346832
3711067
366144
366299
367787
370254
1091
70114
15939
24466
965
7081
765
409701
233871
943044
22731
3032861
251928
415906
253629
96570
6399216
263305
265953
283865
286701
290654
291072
296105
303260
303261
308223
319859
320696
323533
2861016
360086
360493
360506
360553
362112
363133
365132
5388370
367268
367789
368640
369067
370327
2064
376949
390331
392783
394449
224423
233296
3616212
236587
186171
262390
5351229
297252
300528
312762
311783
3000635
325087
434381
410328
263080
3004178
248620
5351230
3001569
246787
366970
159646
374005
5351379
98130
348175
355940
356336
5351353
122665
363912
364363
364824
366454
367242
370547
160386
68060
72733
5153
254258
45952
255922
260795
30776
5351234
297305
300573
305243
308222
72376
332278
332459
54888
434610
4208
357950
359414
360580
362004
362067
364042
364620
365388
367839
379620
3005006
387110
388253
219573
5351129
227345
4312
438179
370307
331285
359680
5384299
361332
372799
365675
57995
494156
299926
315750
374006
432860
364770
5351227
5351257
366920
227613
370089
353136
367741
365290
366307
421585
436120
47479
16525
227994
3620787
370309
5351231
431587
72747
72462
434932
498306
73524
284731
366662
357470
359473
365521
366057
96118
345501
371757
386524
389161
100475
323353
60203
342023
68684
374010
381514
383311
383940
219564
10180
95263
609635
114945
164077
360723
361208
366146
366646
366651
366638
366721
370930
5465611
386518
387115
390477
397472
220359
408204
6222
409834
46151
411668
235012
237101
237306
240767
245151
72815
249398
251112
415629
2723863
6801144
418436
308871
419029
283562
25842
299925
16683786
426672
309280
319853
320365
320371
152481
431396
55750
433438
433451
149897
335450
336693
498357
9981426
358300
359417
360451
85854424
418206
3400356
100158
360715
366653
461802
241052
417420
9562720
360455
370345
389012
16683337
125219
361013
361195
361264
361706
362376
363096
364097
366176
366466
366469
366637
366670
366719
366847
366854
367841
367850
368204
368696
369243
369458
369483
369651
3004282
370293
370469
372372
372796
373829
376385
376505
438661
376591
377084
377249
59095
3558
379524
381504
384217
388201
390973
391131
392617
394175
394487
332244
333830
354774
438128
361712
362262
432608
306137
184694
14298
222155
66363
5357532
338632
122815
151602
369843
369254
433350
299645
369081
265956
18296
5351277
233866
353973
360756
433448
431186
431052
425430
424723
6711664
430230
4366047
3001564
173672
316858
369480
94299
38778
369836
3004258
332607
369470
369475
44576207
369463
369055
370988
374756
390181
302071
368222
54680035
266123
419025
386819
371257
38312
21470
391439
31101
322932
5458528
431962
375120
376516
23638675
389753
328441
259898
376677
222156
222159
16683647
250876
376944
6712187
54687019
387715
383280
386816
494023
5351236
3812245
319846
5351285
382531
319748
407582
5351560
407885
395763
315219
301935
16686044
98033
388740
432153
42559
54678496
72519
319095
371399
384902
385929
16683583
382055
390721
229969
236853
180751
366964
375473
5280389
366232
359871
325355
366631
100580
291663
230763
4501
5130254
333739
5351305
433068
282522
296321
298002
299664
319304
327416
128899
360923
463108
3734221
329826
340765
387701
387712
72351
371746
274159
225484
92129
101859
239863
42616
420763
359416
362604
332053
364762
366769
353312
364074
131182
100146
336892
369051
372304
327536
323587
73447
319648
3802514
425433
370308
290530
366720
5351342
5351226
5176697
357895
105166
104830
426240
18991
424929
335352
280709
3519704
422597
498097
499439
489622
395182
430430
370581
3826815
39075
409071
421884
419766
81348
172402
60835
175805
175805
56959
3016
3016
3016
3792
3792
124087
5105
3749
5732
4463
107985
13765
229021
5402
41781
51081
5656
5656
110634
60198
60198
5717
441243
4725
60846
4192
4192
110635
5362440
25249
21592210
46924818
4829
5284627
65999
119607
119607
2182
2182
160517
160517
22283
4197
4235
5078
9846332
9846332
2405
2405
5029
60648
54841
3152
65664
444025
3947
10947895
158781
25749227
2092
2092
5719
71490
71490
6410758
2267
2018
441130
4449
152946
4418
72344
3341
68617
60798
101526732
50599
3034756
50248
6010
5462501
5517
36273
115368
13109
2118
47528
4723
4723
2176
4506
4506
119584
73642
58258
3949
23418
3447
23581794
2585
5527
5527
2326
4770
4770
65599
65957
10633
60773
60795
9904
4513
3366
34312
34312
4496
5597
5597
65944
93857
22961152
5002
2099
47725
6337614
104758
68911
444008
132803
30668
39765
44134764
3958
33741
449069
404838
81423
7108
71188
6674
77918
936
936
107838
6291
6291
75919
8421
8421
6597
8369
3019
4062
4062
5901
55245
2913
51039
51039
5311067
3242
20056857
10631
10631
1833
9913
1316
5881
3394
2127
2127
2127
5913
57369459
57369459
3689
126280
3969
4893
131747
5639
1935
5991
3168
2972
72390
101498
123823
412
65057
3162
65064
3325
49381
65833
39524
4296
5587
101616
4078
2377
5723
604519
3032
3964
2689
122028
1243
108182
47811
3033769
107867
60511
3033677
2125
6603820
3505
43345
124846
132059
3185
3408722
53389
108029
9950038
3036864
16741282
3177
15387
1797
1797
2790
60769
4850
1046
2082
65327
65327
3385
5379
5430
4748
4044
3440
2022
6240
4421
2733
657298
4911
3647
11079
11079
11079
68539
68539
68539
3454
6215
6741
9642
5281004
13791
2435
3598
11065
11065
11065
1349907
1349907
6014
66062
66062
8228
2720
30928
3308
23659
13468
13468
92163
92163
2153
23666879
23666879
23666879
3278
7550
2732
9279
9279
8307
247839
33613
33613
33613
4993
657312
657312
3059
3059
3059
11368
92303
32798
32798
25590
4038
36816
2315
23667300
23667300
20846
20846
207841
207841
3702
6461
6461
6461
18340
4409
4409
4409
23667630
23667630
657237
657237
657237
39147
938
44093
44093
89594
89594
65340
65340
2094
4775
4775
5546
5745
5745
4174
4174
4174
6060
3157
657302
657302
6048
2722
2722
5352
5352
5352
32731
15165
15165
63009
63009
11693
11693
5564
5564
6037
6037
25564
5833
41317
27421
6230
54891
54891
23667628
667490
667490
667490
5734
5734
5754
5744
53232
5877
5755
5755
63002
22420
22169
22169
22169
22169
359247
359247
2554
5865
82153
21700
23689391
5102257
2756
20512667
2761171
54732907
146801
146801
33624
4812
41375
19017
54680103
5225092
5225092
5225092
657301
44134618
44134618
5458171
66147
54685925
73951549
5832
49842936
206287
57398154
53239963
57401574
11959377
56604034
25263083
25263110
25263114
25263115
25263116
25218600
25218614
25218601
25218621
44581765
25218571
25218584
11233873
44581245
11307581
57391097
25263099
25210971
25210972
44581222
25211574
25218573
53239988
56603973
16099859
56604049
57398146
11269477
11247002
44571414
25263103
25263118
25263119
11569498
25263123
11453116
11751266
56603995
56604005
25263124
16051023
16048194
25190924
56603966
56604013
16048303
16048415
25190921
25190926
44587530
57391875
42618164
44571435
25263120
42618163
25218593
53239981
5793317
6539049
53239947
6539099
6539047
57398148
6539097
6603857
22609796
69771684
6539086
5482344
6539093
6539087
6539085
6539089
53239973
22727427
6539108
53239953
57399801
6539056
53239955
53239978
53239945
56681565
21701565
53239952
53239966
53239954
56667992
53239938
9857146
53239975
53239980
44532204
53239957
53239956
53239958
53239976
53239977
53239974
57398151
57390087
599038
5329404
9927432
10133732
57394601
57391093
9947709
57398152
57395317
5329850
5329855
766948
57394602
44532523
11244488
57392873
21951965
56603975
57399800
11231939
57391094
5329860
10272700
57403319
57394599
56604030
10200651
9822610
9917474
9873849
56603987
766949
5329868
57398153
5329861
5329857
5329854
11392350
5329853
5329849
11617559
57391095
57400544
5329801
5329802
11502866
57395310
57399798
11669455
10160775
5329875
9901964
5329489
57398147
9858084
11717091
10286242
10193482
57396350
10171618
44571453
9922527
57401575
57401572
57396351
57396352
11604319
57391092
10158653
57399799
11656050
10193464
10295475
57403317
10294883
25093474
44593640
57398149
57391096
44578672
24949545
44536036
57398144
44410704
44410704
44410704
24856364
10308522
10173796
10215776
11473228
10125875
24896610
44578253
44578255
44571449
53239989
10236195
11290221
44578254
449054
53239979
11627264
23646936
23646938
44578425
44578401
11640889
11163861
25263078
6539364
6539369
5329829
44578563
11605761
6539390
53239943
5329831
6539385
6539361
53239986
6539382
53239971
53239944
53239948
53239950
6539397
6539751
10469531
57393604
6539409
6539422
6539411
6539414
6539412
6539418
6539417
6539424
6539413
53239983
53239987
6539430
57398145
57391091
57403316
6539620
6539439
6539440
11328632
16664858
25263092
25263088
25263087
11281930
11155941
11284937
44589696
25023715
9885504
9800117
57399802
22464113
10475737
10475737
22464120
44329036
17892742
15872388
9910722
9890357
10321190
15872391
15872400
15872403
15872404
15872406
15872407
15872408
15872409
53239985
53239984
18536613
18536627
56604024
56603997
6539521
579429
6539487
6539502
6539522
6539453
6539482
6539466
57394600
448008
6539478
9951300
57403318
44433171
57399803
57399804
24180608
44433173
16236469
57400541
57400545
57398861
6539567
6539593
44397032
6539603
6539607
11680113
44397250
44396990
6539597
44397010
56604026
6539611
6539598
6539599
6539600
6539592
44397201
44397453
44397147
44397710
57401573
57398150
44431824
6539451
57403320
453216
20825615
227502
11246488
44523335
44523342
5228
2409198
25263079
25263084
53245731
46215814
44525485
44525486
49798353
44525920
44525921
44525922
44525923
44525924
44525925
44525926
44525927
44525928
44525929
44525930
44525931
44525932
44525933
44525934
44525935
44525936
44525937
44525938
44525939
44525940
44525941
44525942
44525943
44525944
44525945
44525946
44525947
44525948
44525949
44525950
44525951
44525952
44525953
44525954
44525955
44525956
44525957
44525958
44525959
44525960
44525961
44525962
44525963
44525964
44525965
44525966
44525967
44525968
44525969
44525970
44525971
44525972
44525973
44525974
44526068
44526069
44526070
44526071
44526072
44526073
44526074
44526075
44526076
44526077
44526078
44526248
44526685
44526758
44526800
25121268
56659836
56680318
56670156
44526892
44526894
56683489
44526920
44526922
44526983
44527001
46927672
44527361
75042133
57394915
44527603
56673516
25263102
25190914
44527657
25263100
44527950
44528306
44528314
44528328
11514099
51356289
51356855
51356854
51356853
46215644
51356856
46214650
10086873
44528496
51356852
51357138
57398391
56673950
51354328
57401865
51354327
51357954
57403577
57396627
57403576
57401867
57398392
57396626
46215816
57403578
57403579
57400062
57396625
57400063
70691776
70683337
51354036
51354035
53466728
53467617
53467819
53469634
53466951
53469453
53469448
53469449
53467392
53468037
66561090
66561013
66561167
66561010
44528946
44528968
9914412
9914412
11427162
44529053
44529067
11534555
44529112
44529114
25263108
44529220
44529229
44529239
44529262
44529278
44529279
1489204
75042866
11373846
25263105
49862643
49862644
49862783
44529831
49862090
53469824
23648920
49862093
2787267
23648890
23648887
44591552
447966
447966
67718922
67636397
22112846
44530989
44531021
22609863
7
44532102
44532152
44532196
44532198
44532200
44532261
9923028
9879605
44532297
9925594
44532314
44532316
44532331
21027446
9945696
9901062
44532377
44532432
44532433
6263849
44532438
44532445
44532446
44532450
11370662
44532477
44532478
44532480
9861063
44532526
44532531
44532538
44532552
44532554
11429863
10135552
9925372
11220119
10186009
11627271
11712734
44532639
44532649
44532669
44532671
57399798
44532690
11716589
11595752
21078798
11558948
17755746
9945516
44532712
57396350
9836405
10286382
10151417
11524582
11529890
44532720
10310395
25093464
44571415
75043270
10201693
10239038
44578630
44578709
10274521
11359080
10173796
156414
44532773
11682680
44578252
5329826
11633551
44578566
6539376
44532827
10158539
10289896
25263085
44532851
6539398
6539394
1491157
57393604
6539416
6539415
6539426
6539428
6539419
6539427
44532869
11682470
156422
10028480
10267580
44532978
44532979
9998128
44532997
45271247
45271244
45272982
25190912
45269578
9880709
45272980
45271243
10595057
667570
10621826
15407403
11133737
9865518
44336137
9929101
44328896
23133388
15838857
44328970
9888013
44269265
6539523
6539463
6539509
6539455
6539464
6539507
6539472
6539475
6539506
6539461
6539504
6539496
6539516
6539452
6539467
44533820
6539492
6539465
6539497
6539473
6539486
6539501
6539494
6539470
6539524
6539525
6539519
6539528
6538884
6539533
838889
5311382
6539541
10639924
21948268
6539550
6539529
44433573
599038
22477600
6539578
6539565
6539570
6539569
6539586
6539587
6539602
44397011
44397230
6539579
6539588
6539606
6539609
44397393
6539610
6539612
6539613
6539591
86346663
19886439
129723
19879232
99545
94753
221158
3134
44305879
44305647
44305551
44306199
253268
14308053
44305812
69689
5324
5324
4122
24733
26098
65483
23958199
6713995
42080
42080
33478
107882
71446
25102585
5531
6604492
68617
17506
13668
196122
5311412
26534
45105106
31772
108173
13770
37392
32169
91668
3325
54735847
20298
190541
6714002
200103
4849
19675
4641
4641
6307
34632
3735
3735
115162
51539
8520
8520
71172
68647
11078
3742
47640
47640
101925
5883
656842
11954258
23760126
221071
38258
3883
3883
6604471
441720
167683
442897
73277
8362
8362
17134
22162
22162
5280863
4165
54676537
439321
107807
3080836
51371447
4060
4060
5482874
9703
60934
6918132
15443
15443
86765346
5282493
4170
4410
62998
23565
6419975
7699
5284352
102502
72281
3760
5833
71405
236702
91513
2247
6419954
2713
34040
23671691
92178
10969
10969
44630236
197162
6419912
6419933
67313
67313
6419992
6852377
6419961
21718
21718
71771
4059
13266
13266
2151
2151
23675320
5458190
62389
18340
11064118
51371362
5803
3374
3374
610479
610479
23663959
442527
3334
54676228
3083802
3083802
39855
39855
3335
3335
4539
66259
31872
657359
29976
68624
6231
441345
20179
62884
62884
66266
6230
4488
17275
64690
68304
68304
11224
26154
26154
71412
23902371
16114
15432
15432
71175
71175
5265
5265
6039
3085326
25773
47812
65464
161803
98889
10830
5362118
68589
68589
64737
64737
26986
26986
26986
64646
17683
17683
134832
66064
65328
2725002
175533
67356
71764
54670067
6420003
15517
15517
62955
62955
71074
4883
4883
4883
5722
30849
2724387
102265
31728
2732
2732
6419976
62921
202225
3168
54765
54765
28693
68844
198015
198015
36856
36856
36856
11391
323077
18542
18542
6419940
67363998
3926
41114
51082
10649
3059
51371403
441374
20848878
4477
10621
195164
47471
29770
29770
65065
65065
441398
171548
13758
657255
2574
102063628
37170
9476
9476
56704
67412
6419900
47965
171409
4369270
2724385
31072
31072
107895
22576
40127
60576
23675786
6410734
7314
244898
14987
22529
64713
64713
11079
11079
6713942
443944
6323218
6419948
8246
8246
6093
65335
43507
18510096
53025
6135
6135
443311
20848883
70269
16363
51038
20980871
10766
2736646
71177
441383
5468
25137775
55182
55182
170344
24721103
5284452
517299
9918
104838
2554
10140
9458
36207
66069
40634
44458
4760
4760
72067
4044
38911
38911
198334
4238
83201
8813
8813
6473883
6420036
23817962
45105086
6769
32681
22304
19189
73442
73442
4621
4621
453131
197840
6084
6084
12456
6419962
15548
168978
5570
5570
5018304
5018304
25137774
10196
224246
439654
9415
9415
442653
442653
5459345
5459345
71203
6419943
6713915
22382
3213
180933
5965
44134919
71414
5487918
17751044
6019
2724428
6037
6419979
4485
4485
4485
17714
6202
71486
493570
10191
23760134
5353
14520
15209
23846563
442649
1550239
3276
3276
24041599
2320
443943
23846565
3830
33254
6713958
23817963
441724
4499
4499
6760
4189
73078
9051
441728
353825
441594
3503
3503
10666
441727
211103
25102721
51371416
6419918
6419918
23930397
11972533
5284555
25102582
36816
441749
5887
5887
5325
5280442
5280442
10648
10648
68540
5510
5315
5315
5702238
62413
66063
66063
8478
8478
19604
6185
522325
522325
6883
73957
73957
23675321
8228
23667302
83592
23675317
62881
62881
71611
134551
3693427
3693427
441308
16490
164739
11065
3194
5892
5892
247839
6713974
23667299
5763
5763
10428
44383
8691
51371414
23666879
11289
11289
3025
5336
5336
92968
68552
6284
6284
13456556
102678
102678
16220118
66062
6713978
54676038
54676038
102426
92806
92806
104981
161104
102428
9903
72286
165542
165542
8732
68385
68385
3698
3698
4100
4994
4994
64740
4855
4855
114766
25294
3435
65495
27503
27503
24871279
656644
5359
5359
4411
854019
854019
23685176
19004
19004
5332
2343
2343
5560
5560
16045
9279
9279
13796
23667300
54723343
6420048
636402
27648
3454
76621
122824
51371419
23704143
3724
223368
21700
23677829
62978
54900
23894
51371427
65492
3736
91268
3741
15478
4632
6014
77553
70912
4831
8569
223997
4174
167980
9270
3828
134453
72894
23681233
659839
155773
155773
11102
15723
57266
54678490
14709
3739
2265
5281416
5281416
45006123
45006123
68546
68546
62932
5857
6604381
114811
6166
22169
22169
19518
37175
6466
5323926
136620
15565709
2829432
60975
60975
11957660
24871267
119136
10745
10745
3038520
25102587
9904
90045
5154
87959
23874513
68551
91610
168993
21743
20838043
12498
12498
11485656
3086685
11977753
57519523
5328940
6918454
3062316
123533033
123631
9941095
16097729
644241
11525740
9826528
3038522
71433778
3081361
5494449
176167
46930994
10074640
17755052
4521392
4521392
11626560
66596670
66596670
66596670
176158
176155
176155
46930998
11246488
53396327
5278396
17754438
11712649
22386467
10027278
16038120
42642645
24779724
16725726
46911863
11431660
25102847
24771867
11154925
16007391
53401057
44607360
44607530
11167602
44607531
49831008
6857685
75106606
9911830
9956222
9868037
16736978
11282283
9908783
10077147
24864821
10427712
24901704
73265218
11317348
44259
44139710
8515
44187362
54143018
24826799
11570805
24889392
66910320
68529109
73265217
11213558
25262965
9549295
24794418
10231331
49867928
156422
23625762
9549289
53398697
11656518
46213929
53235510
25027665
11488320
11984591
23654923
44155856
16747388
18924996
25062766
45139106
11625818
24905149
9808844
16654980
24748573
5380743
5280343
25195294
11671467
11955855
44516953
25066467
11327430
25167777
25260757
25229450
11314340
16118986
11707110
9910986
16126651
57339395
25229526
54708532
23635314
25182616
16124208
24856041
5730
5730
22049997
4210951
4210951
4210951
10366136
16224745
16722836
44187953
11676786
24764449
66870970
42598643
11494412
42642648
49806720
44137946
25262792
11620908
10296883
51039095
57336812
44462760
24788740
45375953
56649450
51358113
9934347
11313622
10317566
49836027
71295845
44205240
16118392
3795
17751063
10174505
6857756
6708610
6708503
54679405
6708507
6708509
6708513
6708634
6708579
6708516
6708522
6708523
5701985
6708525
6708526
6708528
6708530
6708540
6708581
6708545
6708547
6708549
3873459
6708728
6708560
6708747
6708722
6708571
6708724
6708714
6708584
6708599
6708782
6708512
6708568
5320650
460178
5702136
6708608
6708613
6708607
6708618
6708622
6708529
6708725
6708633
6708508
6708504
6708506
3646533
6708543
442863
16667677
68477
4643333
6708518
6708593
68085
3001200
6708527
6708651
6708535
6708676
97807
6708519
6708551
6708553
160908
65188
6708566
6708570
821428
6708749
6708600
11012
608640
101795
3428129
6708758
6708573
10212
6708617
6710655
6710650
75653
3451
4587968
222515
6758
6453092
5701988
3503223
68066
4565183
5358397
99613
69505
44610426
6708644
4151374
6708795
2752274
20525
5126442
4442235
6708743
5161
94240
68262
5318834
6710641
6708631
5318569
23682224
66654
326186
5036604
5318562
4026888
7020
736228
14084
4303263
5281777
3950721
6708539
320677
99926
3884104
107935
6710727
5781144
6708681
3015195
5781145
1880
5281811
4643334
3279840
10829
364106
6708575
78066
3083809
6710618
95168
101277
159908
3945795
20842
6708611
101748
443639
73777
3952178
3940691
92126
72277
607287
220184
3084545
3953335
5610
5983661
822798
16848
16848
624785
8357
6293
10748
596344
76658
80201
121805
7595
12124
3469
9377
6710629
92853
5280704
7121
6301
11052
69301
440733
66581
5281426
14079
3624980
5377381
6710704
5377914
74708
54677407
71034
96009
269315
115019
4412068
6708668
6708809
193112
3952079
158573
6710684
77793
3310692
6710660
16667744
6710713
6710665
6710747
3938139
7021
68072
6708572
108104
119039
68079
4825
73157
9819600
5320346
68082
5701990
3806
6710677
6710676
6708596
3955970
519662
6708759
6710645
6708597
100768
230460
524129
61125
4579738
3860435
5678
6708628
6708646
8439
8397
97142
390807
221071
10208
2355
16667749
68111
6708533
61220
26447
5701997
110685
68073
17198
6872
8609
6710693
6708656
6708658
6097621
309
253305
5701999
72281
6708677
72853
2700
7334
6708680
790
5702000
6708682
5281691
13394149
6716
5702001
10281
5702003
4156
2336
10986
1674
1493
16212360
4130
3286
2871
2268
3118
4176
4420
3017
3039
4618
3082
4793
4096
4790
2943
4937
4933
5216
2256
3120
5383
3030
2319
4928
4169
3031
4929
5569
2328
1486
1489
1480
2078
1488
1490
1482
3496
1487
1481
2728
5125
5543
4685
992
2566
2730
1982
4109
2086
5392
2314
3346
3289
4944
4936
3035
3048
3048
5518
2711
4115
3589
5302
2087
3224
1752
3026
1988
6708689
5280746
6708713
10659
16667751
5425
21641
3745
6710680
8434
529402
79737
323
4119
3473650
629853
581
5702006
16230
2724368
5702008
32324
23663979
8732
2202
5702010
454937
2307
26964
5702011
22882
5702014
5284500
20933
441194
23675341
23675321
23675312
31239
656580
62517
1732
64927
2723
20179
2817
6167
6167
5702027
5702028
2879
6726
23682217
5702036
3023
6078
3059
5702041
5702042
5702043
3080
8569
5702046
3247
5317221
5702051
163332
5317223
6710658
24707
122824
5702053
3314
6710659
6710662
3435
23423
5702059
9859210
3851247
3516
86471
3552
3561
23677959
9351
5702068
25096
3728
6883
5702075
16667684
71478
4038
23667627
5702085
5702086
68553
23682218
5702091
4511
5702095
5702096
4543
23663939
160157
4632
6451191
4684
8691
443885
4764
441279
23673309
5702106
5702108
91499
5320716
31043
54713170
6239
5104
5146
5147
16760658
5702115
64740
6710654
5908
57357962
23665411
5510
5702123
5702125
5702127
5702128
5578
5585
197066
107130
9917490
16132496
54678486
6842
2453
3037
3362
5702132
21951
9853537
23675317
9905811
5702134
83862
68643
5280343
44093
3845
657359
94230
700653
70914
322640
2775
5281607
348153
24139
182362
5391149
5282073
5319502
97214
688674
688667
688671
6710619
5699
46202
5004
5702147
286947
5100
2521
3830
6710627
3723
3642305
5781
190
7019
12456
636396
5702148
6476986
10147
23682215
6708694
439202
5315841
23682219
6708709
6708700
6710616
6710666
6708695
6710669
833
23306
5281404
5281404
5280953
64961
10291
4990100
846
6708659
107838
439224
6708666
6710673
67356
3474
3293
13796
3168
3325
11349
3371
3334
709
16667690
3327
4044
5702163
442292
5702166
25773
5702169
33254
170367
1646
4458
34040
16362
4450
71405
4059
6634
5332
65495
657393
4018928
5353
1984
2272
904
19604
5702172
6710670
5702173
6710671
628698
6710755
3080557
92965
23663954
5702178
68112
5722
4304691
6710681
23204
607
443158
5362119
5702179
2581
26248
5702182
44561
6037
4806
6710737
194216
5702183
5360
53395156
6708740
5702189
23682223
23669253
23665356
53405145
3969
5206924
2120
82693
2201
2201
3018579
145949
5278
5278
72899
1549477
2896
1820
2101
2102
10339178
84691
5702199
6197
9380
535
440005
94701
2197
6708521
81721
6710763
108042
108042
6710771
6710768
54676536
441014
914
124886
3515
8888
10138
439503
23682226
6708474
6708691
6708750
64741
2345
11545
2075
68093
3092
287442
5702210
2005
5057
108013
1549082
23682222
5702218
2320
5702220
2446
636364
443955
66069
10649
16666
6136
5974
2722
2773
3201
25439
3288
5702227
16667692
2365
5702236
441414
5702238
44270140
3926765
4477
47812
5702240
444037
5424
5334
2718
4622
71567
3316
22027
6708461
6209
3014024
2764
5144
16219811
188803
188803
3870203
3870203
2777675
22880
22880
323077
5932
11957505
5702257
3957
16667696
3032818
6708481
5702265
14710
2082
4696
5702274
1150
3883
70973
70973
57369824
66061
5702277
23666105
2513
521874
1269845
6708698
67363998
361171
6708705
173273
1156
6708708
16667720
6708712
91461
10302
6708719
46695
6708720
529865
6708721
3935161
6708627
6708730
6708674
361510
87691
10639
89640
6708704
5282150
6708534
6708673
6708707
18537
5212
107126
16134267
5281701
94870
455260
11128
5393152
676293
6708790
2081
231
6806
11832956
6473883
66070
390689
438950
600670
6708808
72431
442128
334704
6708816
1042895
1069873
795044
8616
99652
5417
159516
70639
123608
182856
425
45006069
6708798
12478
1794
6103
24144
23665409
7011
697993
6708786
15459
1845
16667700
3749
3961
6710691
16116959
60560
5741
6710692
102861
168993
16667702
10313252
162132
2724354
65183
657267
16667705
16315
68296
382423
358832
96539
45006102
9796807
16667706
23669322
10059956
74812
128563
11440685
1242
16667709
1649
1649
5694
16129995
39212
16667714
8815
1598
1598
1598
16667715
11836785
4277
12989332
10205
NA
NA
NA
NA
NA
NA
NA
NA
NA
NA
NA
NA
NA
NA
NA
NA
NA
NA
NA
NA
NA
NA
NA
NA
NA
NA
NA
NA
NA
NA
NA
NA
NA
NA
NA
NA
NA
NA
NA
NA
NA
NA
NA
NA
NA
NA
NA
NA
NA
NA
NA
NA
NA
NA
NA
NA
NA
NA
NA
NA
NA
NA
NA
NA
NA
NA
NA
NA
NA
NA
NA
NA
NA
NA
NA
NA
NA
NA
NA
NA
NA
NA
NA
NA
NA
NA
NA
NA
NA
NA
NA
NA
NA
NA
NA
NA
NA
NA
NA
NA
NA
NA
NA
NA
NA
NA
NA
NA
NA
NA
NA
NA
NA
NA
NA
NA
NA
NA
NA
NA
NA
NA
NA
NA
NA
NA
NA
NA
NA
NA
NA
NA
NA
NA
NA
NA
NA
NA
NA
NA
NA
NA
NA
NA
NA
NA
NA
NA
NA
NA
NA
NA
NA
NA
NA
NA
NA
NA
NA
NA
NA
NA
NA
NA
NA
NA
NA
NA
NA
NA
NA
NA
NA
NA
NA
NA
NA
NA
NA
NA
NA
NA
NA
NA
NA
NA
NA
NA
NA
NA
NA
NA
NA
NA
NA
NA
NA
NA
NA
NA
NA
NA
NA
NA
NA
NA
NA
NA
NA
NA
NA
NA
NA
NA
NA
NA
NA
NA
NA
NA
NA
NA
NA
NA
NA
NA
NA
NA
NA
NA
NA
NA
NA
NA
NA
NA
NA
NA
NA
NA
NA
NA
NA
NA
NA
NA
NA
NA
NA
NA
NA
NA
NA
NA
NA
NA
NA
NA
NA
NA
NA
NA
NA
NA
NA
NA
NA
NA
NA
NA
NA
NA
NA
NA
NA
NA
NA
NA
NA
NA
NA
NA
NA
NA
NA
NA
NA
NA
NA
NA
NA
NA
NA
NA
NA
NA
NA
NA
NA
NA
NA
NA
NA
NA
NA
NA
NA
NA
NA
NA
NA
NA
NA
NA
NA
NA
NA
NA
NA
NA
NA
NA
NA
NA
NA
NA
NA
NA
NA
NA
NA
NA
NA
NA
NA
NA
NA
NA
NA
NA
NA
NA
NA
NA
NA
NA
NA
NA
NA
NA
NA
NA
NA
NA
NA
NA
NA
NA
NA
NA
NA
NA
NA
NA
NA
NA
NA
NA
NA
NA
NA
NA
NA
NA
NA
NA
NA
NA
NA
NA
NA
NA
NA
NA
NA
NA
NA
NA
NA
NA
NA
NA
NA
NA
NA
NA
NA
NA
NA
NA
NA
NA
NA
NA
NA
NA
NA
NA
NA
NA
NA
NA
NA
NA
NA
NA
NA
NA
NA
NA
NA
NA
NA
NA
NA
NA
NA
NA
NA
NA
NA
NA
NA
NA
NA
NA
NA
NA
NA
NA
NA
NA
NA
NA
NA
NA
NA
NA
NA
NA
NA
NA
NA
NA
NA
NA
NA
NA
NA
NA
NA
NA
NA
NA
NA
NA
NA
NA
NA
NA
NA
NA
NA
NA
NA
NA
NA
NA
NA
NA
NA
NA
NA
NA
NA
NA
NA
NA
NA
NA
NA
NA
NA
NA
NA
NA
NA
NA
NA
NA
NA
NA
NA
NA
NA
NA
NA
NA
NA
NA
NA
NA
NA
NA
NA
NA
NA
NA
NA
NA
NA
NA
NA
NA
NA
NA
NA
NA
NA
NA
NA
NA
NA
NA
NA
NA
NA
NA
NA
NA
NA
NA
NA
NA
NA
NA
NA
NA
NA
NA
NA
NA
NA
NA
NA
NA
NA
NA
NA
NA
NA
NA
NA
NA
NA
NA
NA
NA
NA
NA
NA
NA
NA
NA
NA
NA
NA
NA
NA
NA
NA
NA
NA
NA
NA
NA
NA
NA
NA
NA
NA
NA
NA
NA
NA
NA
NA
NA
NA
NA
NA
NA
NA
NA
NA
NA
NA
NA
NA
NA
NA
NA
NA
NA
NA
NA
NA
NA
NA
NA
NA
NA
NA
NA
NA
NA
NA
NA
NA
NA
NA
NA
NA
NA
NA
NA
NA
NA
NA
NA
NA
NA
NA
NA
NA
NA
NA
NA
NA
NA
NA
NA
NA
NA
NA
NA
NA
NA
NA
NA
NA
NA
NA
NA
NA
NA
NA
NA
NA
NA
NA
NA
NA
NA
NA
NA
NA
NA
NA
NA
NA
NA
NA
NA
NA
NA
NA
NA
NA
NA
NA
NA
NA
NA
NA
NA
NA
NA
NA
NA
NA
NA
NA
NA
NA
NA
NA
9982268
16667719
688662
5280371
688715
145726
3912575
11095
165210
166795
148236
1639
4386
76344
17814
2259
186794
17103
15789
47445
37123
16590
5320556
400073
5095
16667724
5002
87310
5362123
60496
6710700
123606
130881
64764
441313
656606
6710741
3058754
2754
3015189
16667725
16667727
16667728
6710736
368156
6710732
6710735
6710742
6710739
5459308
439378
449069
31553
72344
68077
6697
9794844
136420
72385
11617
40854
10819
3758
36324
16667731
119525
39385
5042
8433
439504
56207
9500
3712
10206
6728939
6710779
3071
5527
16667735
135269
57369983
80308
447213
54360
6710776
1893
3822
3822
6759
24135
3352
71777
29112
86457
6213
6728943
2646
71827529
9871375
60772
10142962
6477
521171
145659
14307943
386331
45006115
60834
77991
10017651
64146
124087
91506576
16850
6054
23674
2136
66267
41782
27155
2313
38000
6855
53629521
14369
20787
30627
47263
6034
3295
38081
3562
45006120
31060
22752
3946
6476
16211647
45006122
45006124
71751
1054
24361
107994
160743
20573941
44134964
5564
14777483
45006127
110635
157836
41574
13985
18637
66367
9950360
53395032
9298
45006130
71434
65335
45006131
68591
56008
55397
68728
4830
33630
4594
42760
54889
54889
3878
38102
3055173
11194591
6857795
6857792
6857797
3055172
6857788
125889
208902
4679
45006135
74990
5316743
588
5271544
3919910
6708773
54675757
13622
67069
4284
6710699
6708812
6710632
179651
6708653
234105
6710685
6708654
3840
6708655
164723
4728
23677058
12832575
4737
5475
68539
1329
44134626
44134626
60576
77116
2170
16630
1917
64782
3488
5702296
62969
1868
80220
9899402
6708742
5280373
91556
23675751
57355874
40539
3721046
3080554
1066
11957555
155107
122150
100314
1779
4266
126383
45073465
53411727
5311072
57369670
16760706
2735332
173829
124887
2735339
3272524
2735312
115000
6604935
6604936
134230
57369841
8288
6604718
2735333
128618
56972149
45073438
56017
57358708
104920
56972152
71296988
31100
5175
108047
1348
124172
2755
37274
2730228
44134626
1858
73364
2603
3330
68539
44134606
5912
2733484
25102587
51173
44483329
29976
2120
128784
2065
183469
2733504
90045
45073417
11957708
53422048
11957553
65324
35353
24745966
34771
378810
188975
163751
73332
3545
4239764
107966
4375
67217325
11492320
114745
4698
16078977
3248
4013695
323077
11314197
28693
4549
6603044
4579
2059
2058
44134889
68546
6081682
100185
2837530
4324255
71296949
62932
659839
62969
132496
3995234
4534085
64690
135193
57369165
16218912
119461
1549477
13755572
4018512
20179
11315337
71296970
71296971
6917943
54687453
71296973
54792409
2829432
11957470
56846046
182592
11957573
12999296
127902
115348
2396
6604749
57369471
132995
57369376
71296993
11213569
90479740
2126
5602
127898
123924
43962
6419992
2733502
3082717
24978528
131414
132059
66694743
56972158
9926639
16017
44134935
17275
11957548
154494
71296950
16760594
5702253
129407
50287
60975
123686
134778
129320
54431504
80262
71420
7333
1212
71781
2733501
200213
25681
45073415
122162
1930
19035073
5240098
11617161
11403931
11957512
10332716
16230
4284525
9813062
10126593
107952
54682505
3050530
15565709
203135
45260711
56972161
12928470
11957535
10345075
11495267
22315065
45073441
71478
4553
11957505
5722
16219010
66245
45073418
9539
5039877
36431
15517
5932
9824953
172975
9908991
67858205
9800491
133075
19081934
57369747
75088614
11957687
13770
68551
9907616
16078959
49759035
133633
24744861
210172
90479748
4355450
56972164
134453
4236420
3579925
3038520
46927988
3976006
5170952
176407
73354922
82320
2829131
2821
5723
17756771
1370
3645780
18931299
9865178
56972159
6604942
5311036
55397
71297013
11957586
57346360
11957452
6610298
101615
6917797
4377504
197583
56972194
47936
24360
6610296
44348677
107867
2252
4302960
2688
4302962
2125
6419995
2438
11957589
4302964
67122882
11957517
9794509
23663967
66259
11957600
104955
131746
11957475
9819927
107810
9826191
9794588
4713
235382
393595
3467177
3688
5311218
2374
3337816
10392025
9823846
5311042
58144
128019
6604839
14801905
107895
16759148
9929138
4592
53420078
198692
2491
2750
6604950
5694
11652258
11957683
11340200
2286
5311203
4273754
119357
3408722
53446833
43345
17360
53447313
6604951
122028
176406
5311422
443390
6604858
93504
443389
443389
10130754
3765615
4519822
10235
4469
1400
3820
3820
20761468
9884675
63306
16760644
91437
4878
4878
122130
122130
90479789
45073445
2733515
285033
5311307
4234241
3086514
56972163
127861
11957706
10042240
4670
54676478
5360
11497466
84008
24978530
102614
53388
44383
196840
5491
119136
197690
193949
54758463
2802894
44275475
161930
10071166
5269
262093
135411
16760660
4813
2062
24871267
10458835
51371115
448991
23581817
23581817
10314472
45073446
45073452
73010467
3878
11957684
4099413
176158
60510
2378095
6604954
10047957
3921152
39562
16102146
6604955
21642479
11957707
11957703
44568856
4995951
23677972
4350931
1103147
9852041
124333
108137
44338050
56972192
9951033
3715
107950
45040225
10668210
2301
4452
90488707
16078946
224859
4493
51576
64757
131905
167980
64981
3906779
3906779
123738
3906780
16760522
9928181
57347656
21976692
4668801
45073453
6604956
16760554
3087190
24978536
3033769
44483333
62824
3013166
6604918
5311192
5063
57266
56972165
310557
4364841
3025067
322968
5202074
5627
56971
95801
438981
761523
761523
770820
129360
9604992
9604993
55667
6604926
53429667
4331799
25195026
23663953
1356208
5149140
45073436
6917839
446849
56972166
127382
56972167
5081
14209557
45073462
6604928
11628205
46739
105008
10339107
16078995
54840
16759152
11689583
130325
10410894
60910
68601
71350
11957705
6604931
9410
9410
11957685
121878
6918184
5311268
3385203
88505
16759153
64392
753704
1901244
2159
52913859
6336338
9954280
3004085
158793
2729026
16759159
230748
16759160
12259556
11634155
9806489
10222761
11382492
122077
63112
9822866
10398360
9829836
9820766
27558
3045335
16759163
122023
16759164
16759165
122327
2921148
16219404
57369641
2767
16759168
65909
9872740
644030
176408
17756791
1694
105007
105007
16759170
4077460
40469923
45039646
74603
129989
129989
17756793
2777391
443375
54450566
5311451
60943
5311276
45073428
21462
56846451
16759172
680501
134771
16759174
9887884
65889
215819
16759176
208953
2830510
67748409
16759178
447912
9911463
56972198
11698390
162834
9926998
10223146
9851211
63009
56972175
107967
11771279
824226
11371328
46861540
46861540
5186
1714884
16079014
9893924
53446695
6711154
16759180
16759180
45073464
56972176
11507802
6918426
163727
10668061
2736690
9799509
44483281
22624897
54279830
6421522
9867770
5311339
9907171
128918
364622
15386
10219702
311434
21701577
10479060
10479060
9903757
9872438
69831604
56972178
48229
2022
9961192
9953769
9874838
9887870
9839311
6918305
21678144
56972179
3947
160157
24868309
16760284
3387354
447713
24868311
24868313
55182
5362123
71433586
54683729
4536128
4594
56972190
1048845
71433791
9956637
481747
4707
4707
11292680
43805
5734
2752
16760373
9830392
19366304
11201705
20863
6605258
44483319
44483319
60785
11595431
698112
11531745
327653
16760376
1126109
24868317
11201035
54746
10474339
10040286
11784736
3803
16094766
25068278
5258
74990
54889
4369491
71306804
447966
71313091
3854666
11644425
71433957
71433957
18782760
6603931
517326
104870
10252734
54911
54686938
3135
16219401
24906275
5637
2390
3799
4877
176406
16760284
9826308
9549305
1048845
5166
16219404
16760644
2396
22624897
9956637
17756791
9799509
9801969
108047
11628205
10316032
6419753
2807869
102586612
25181195
5327723
3387354
8515
163751
10039361
11957589
9860529
4369491
2747117
NA
NA
NA
NA
NA
NA
NA
NA
NA
NA
NA
NA
NA
NA
NA
NA
NA
NA
NA
NA
NA
NA
NA
NA
NA
NA
NA
NA
NA
NA
NA
NA
NA
NA
NA
NA
NA
NA
NA
NA
NA
NA
NA
NA
NA
NA
NA
NA
NA
NA
NA
NA
NA
NA
NA
NA
NA
NA
NA
NA
NA
NA
NA
